0 -0.523508 -0.183882 0.537992 0.002784 -0.003116 -0.000000
1 2.596930 3.108650 2.269420 0.000894 -0.003150 0.005941
2 2.693020 2.800630 2.267290 0.001539 -0.002688 0.004604
3 2.535250 3.029760 2.260860 0.001122 -0.002967 0.004886
4 2.131780 3.359050 2.294800 0.001756 -0.002847 0.007711
5 2.542650 2.442870 2.353070 0.001475 -0.003218 0.002131
6 2.360380 3.006240 2.195500 0.000535 -0.003123 0.004943
7 0.000000 0.000000 0.000000 0.000000 -0.000000 0.000000
8 3.292070 2.193350 1.965600 0.000844 -0.000752 0.000668
9 3.165010 2.214140 1.634900 0.000445 -0.000143 0.001226
10 3.300980 2.290350 1.591750 -0.000445 0.000000 0.001515
11 3.389530 2.136010 1.765220 -0.001034 -0.000507 -0.000607
12 3.449850 1.857790 1.614240 -0.000382 0.000381 -0.002365
13 3.486310 1.982080 1.816860 -0.000473 -0.000717 -0.001889
14 -0.202501 0.075086 -0.189489 0.000000 -0.000586 0.001185
15 3.135180 2.191200 1.357700 -0.001940 0.000067 0.000565
16 3.096480 2.968530 1.469650 -0.002610 -0.001445 0.004363
17 3.352090 2.347670 1.643300 -0.001367 -0.001227 0.000670
18 3.232710 2.062260 1.435560 -0.002350 -0.001277 -0.000618
19 3.008460 2.669410 1.659600 -0.002271 -0.002053 0.003670
20 -0.601483 0.375338 -0.707878 -0.004505 -0.003388 0.001307
21 3.377680 2.286060 1.247430 -0.005424 -0.003908 -0.003358
22 3.438140 2.291060 1.135420 -0.005847 -0.003439 -0.003250
23 3.371520 2.237830 1.144860 -0.005867 -0.003295 -0.004424
24 3.313410 2.258290 1.119720 -0.006242 -0.003666 -0.003398
25 3.475500 1.990190 1.089690 -0.005806 -0.003026 -0.005157
26 3.457980 2.184740 0.993479 -0.005926 -0.002443 -0.004638
27 -0.514453 0.144762 -0.964264 -0.004955 -0.003626 0.000000
28 3.303300 1.908150 0.885295 -0.006440 -0.003220 -0.006634
29 3.530460 2.115600 0.852448 -0.007147 -0.003192 -0.005416
30 3.440970 1.976960 0.941827 -0.007688 -0.004043 -0.005063
31 3.520900 1.931020 0.834618 -0.006856 -0.003149 -0.005564
32 3.542810 1.968650 0.855845 -0.007372 -0.003405 -0.005423
33 3.398320 2.085670 0.841669 -0.007383 -0.003759 -0.004342
34 3.454710 1.822490 0.783089 -0.006481 -0.003167 -0.006629
