0 0.000000 0.005137 -0.009000 -0.000076 -0.000000 0.000000
1 3.371080 2.079450 1.693710 -0.001117 -0.000123 -0.000966
2 3.090740 2.465090 1.714230 -0.000585 0.000153 0.002521
3 3.342200 2.324550 1.684470 -0.001163 0.000000 0.001455
4 3.295020 2.068950 1.769940 -0.000589 0.000079 0.000348
5 3.247760 2.194310 1.813010 -0.001106 -0.000587 0.000328
6 3.209320 2.298660 1.726650 -0.000035 0.000438 0.001240
7 0.532332 0.171014 -0.528600 -0.002667 0.003223 -0.000034
8 3.837540 2.199590 1.266090 0.004408 0.003416 -0.000200
9 3.882260 2.187640 1.869640 0.006258 0.001778 -0.000269
10 4.226160 1.952940 1.178120 -0.002155 0.003638 -0.004560
11 3.841770 2.162720 1.569810 0.000361 -0.000022 -0.000922
12 3.903440 2.172900 1.043580 -0.002346 0.001833 -0.002964
13 4.077670 2.358760 1.263590 -0.002881 0.002563 -0.002857
14 0.405756 0.311187 -0.854920 -0.002639 0.003876 0.001129
15 3.471460 2.873880 0.944928 -0.004164 0.003033 0.002937
16 3.870760 2.533630 0.668905 -0.005153 0.002775 0.000080
17 3.201960 2.924130 0.321909 -0.007925 0.002447 0.001727
18 3.512320 2.523580 0.923301 -0.005189 0.002149 -0.000166
19 3.636910 2.743610 0.667102 -0.005322 0.002627 0.002168
20 3.802010 2.265860 0.823443 -0.005605 0.002433 -0.002359
21 -0.049579 0.555294 -1.254390 -0.006223 0.000660 0.001645
22 3.676130 2.537170 0.710688 -0.006726 0.000393 -0.002707
23 3.623530 2.510810 0.605597 -0.007564 0.000305 -0.003036
24 3.815210 2.386510 0.766373 -0.006461 0.000262 -0.004037
25 3.943700 2.469130 0.632479 -0.008404 -0.000622 -0.004076
26 3.645620 2.376670 0.705089 -0.007293 -0.000240 -0.001804
27 3.761130 2.549660 0.593549 -0.007268 0.000652 -0.002160
28 -0.087760 0.443841 -1.435200 -0.006492 0.000014 0.001252
29 3.765060 2.156850 0.512637 -0.007253 -0.000596 -0.004873
30 3.675960 2.475630 0.381502 -0.009039 -0.000475 -0.003176
31 3.668470 2.214740 0.360298 -0.008491 0.000257 -0.002803
32 3.736300 2.403080 0.568366 -0.007815 -0.000460 -0.003014
33 2.999560 3.618340 0.492873 -0.008863 -0.000658 0.006289
34 3.766900 2.312240 0.454504 -0.008588 -0.000731 -0.002841
35 3.835710 1.983610 0.513743 -0.007739 -0.000436 -0.005566
