0 -0.392281 0.325846 0.362134 -0.000000 -0.001456 0.002437
1 3.149950 2.660520 2.293410 -0.000227 -0.001311 0.001952
2 3.322880 2.433070 2.227260 0.000023 -0.000542 0.002195
3 3.164280 2.133890 2.409240 0.000184 -0.002033 0.000765
4 3.331450 2.263350 2.166310 -0.000726 -0.001269 0.000673
5 3.357780 2.155610 2.231990 -0.000297 -0.000929 -0.000941
6 3.373610 2.188140 2.228070 -0.000371 -0.000951 0.000785
7 0.000000 0.000000 0.000000 0.000000 -0.000000 0.000000
8 3.570070 2.125610 1.823050 -0.000815 0.000306 0.000184
9 3.593950 2.003020 1.794190 -0.001118 0.000202 -0.001048
10 3.567160 1.911660 1.916820 -0.000388 0.000000 -0.000639
11 3.624340 1.966320 1.817250 -0.000769 0.000414 -0.000571
12 3.695500 1.904730 1.785930 -0.001422 -0.000041 -0.000864
13 3.636730 2.050890 1.883630 -0.000780 0.000094 -0.000907
14 0.674432 -0.176626 -0.556929 0.002235 0.006069 -0.001587
15 4.023230 2.052030 1.492880 0.001318 0.005332 -0.000904
16 4.191090 1.814380 1.447090 0.000964 0.005313 -0.002210
17 4.272240 2.420890 1.561020 0.002388 0.005368 0.002201
18 4.053910 2.126740 1.429630 0.002220 0.005851 0.000018
19 4.248030 1.904830 1.489510 0.001462 0.005207 -0.001075
20 4.196030 1.933250 1.603930 0.002391 0.005196 -0.000493
21 1.220240 -1.337770 -0.206430 0.011744 0.010577 -0.004325
22 4.698830 1.084580 1.714280 0.008627 0.009073 -0.004074
23 4.647900 1.608840 1.703430 0.009290 0.009562 -0.002762
24 4.622720 1.012420 1.686310 0.009070 0.009422 -0.004693
25 4.526750 1.129280 1.630740 0.008023 0.009064 -0.003402
26 4.596690 0.904901 1.733630 0.009056 0.009272 -0.004338
27 4.551860 0.969788 1.727350 0.009164 0.009297 -0.006275
28 1.493250 -1.289500 -0.808645 0.008641 0.011878 -0.006170
29 4.996660 1.088450 1.128820 0.006518 0.010982 -0.005575
30 4.653350 1.214780 1.186770 0.006727 0.011032 -0.004721
31 4.795560 1.236000 1.176770 0.005705 0.010177 -0.004695
32 4.916730 1.486260 1.031380 0.005584 0.010795 -0.003536
33 4.618290 2.072350 1.155160 0.005111 0.010070 0.000253
34 4.867170 1.002520 1.218410 0.006410 0.010660 -0.005866
35 4.825900 1.257820 1.193770 0.006916 0.010747 -0.003337
