0 0.000000 0.004750 -0.007923 -0.000065 -0.000000 0.000000
1 3.600440 2.181450 1.735510 -0.000676 0.001583 -0.000000
2 3.633110 1.972290 1.841360 -0.000450 0.000475 -0.000676
3 3.497940 1.954930 1.794690 -0.001375 0.000056 -0.000759
4 3.601000 1.985520 1.772300 -0.001346 -0.000059 -0.000424
5 3.566540 1.965030 1.858900 -0.001070 0.000244 -0.000355
6 3.539330 1.930670 1.890570 -0.000489 -0.000637 -0.000266
7 0.403949 -0.365964 -0.253982 0.000308 0.001072 -0.002681
8 3.866370 2.205850 1.586540 -0.001467 0.000835 -0.001096
9 4.026330 2.301880 1.524660 -0.001528 0.001266 -0.002052
10 4.135230 1.914190 1.636330 -0.001496 0.000672 -0.002426
11 4.246510 1.619220 1.615520 -0.001706 0.000711 -0.006699
12 4.106340 2.181110 1.574930 -0.001423 0.001004 -0.001791
13 4.294470 2.037010 1.584420 -0.001682 0.000751 -0.003445
14 1.051250 -0.483977 -0.842097 0.002326 0.007395 -0.003889
15 4.519880 1.923410 1.160560 0.000117 0.006208 -0.002507
16 4.492080 1.784520 1.154030 0.000406 0.006381 -0.003737
17 4.551000 1.682840 1.283860 0.002044 0.006492 -0.003622
18 4.576870 2.220330 1.171090 0.001510 0.006974 -0.000514
19 4.478100 1.758680 1.276540 0.002092 0.006306 -0.003301
20 4.547690 1.703380 1.162200 0.001875 0.006735 -0.002886
21 1.658960 -1.704660 -0.515912 0.011422 0.011555 -0.007397
22 5.130900 0.839052 1.272270 0.007340 0.010265 -0.008587
23 4.932870 1.290680 1.483420 0.006380 0.007918 -0.005351
24 4.753100 1.579510 1.335390 0.007368 0.009993 -0.002792
25 4.901300 1.227250 1.231520 0.006711 0.010090 -0.005020
26 4.930930 0.819029 1.360690 0.006981 0.009344 -0.006312
27 4.674550 1.292340 1.331680 0.006884 0.009420 -0.005108
28 1.795710 -1.572920 -1.020130 0.008874 0.012723 -0.008230
29 5.287340 0.975383 0.954689 0.005194 0.010519 -0.008038
30 4.761770 1.709400 0.840535 0.003953 0.010261 -0.003031
31 5.037660 1.527110 0.863415 0.003492 0.009753 -0.004815
32 4.783700 1.527970 0.837504 0.004114 0.010491 -0.004491
33 5.116350 1.349510 0.886635 0.004767 0.010765 -0.005223
34 5.217620 1.253880 0.886892 0.004847 0.010847 -0.005754
35 5.087420 1.035420 0.988196 0.005135 0.010244 -0.006839
