0 -0.028179 -0.108994 0.115550 0.000751 -0.001012 -0.001091
1 3.503280 2.244580 2.083820 -0.000314 -0.001460 -0.001438
2 3.497110 2.348570 2.088020 0.000307 -0.001166 -0.001045
3 3.621260 2.113790 1.949880 -0.000220 -0.000476 -0.002426
4 3.614920 2.100110 2.163660 0.000085 -0.001701 -0.001878
5 3.598150 2.164730 2.128240 0.000086 -0.001473 -0.001988
6 3.425550 2.272860 2.057140 -0.000348 -0.001347 -0.000859
7 0.000000 -0.039158 0.065934 0.000498 -0.000000 0.000000
8 3.563680 2.018210 1.904020 0.000352 0.000689 -0.000751
9 3.472100 1.961820 2.011220 0.000337 -0.000251 -0.001307
10 3.411110 1.916020 2.042910 -0.000019 -0.000636 -0.001299
11 3.546790 2.172730 2.052680 0.000277 -0.000327 0.000000
12 3.310000 2.035730 2.048380 0.000073 -0.000626 -0.000436
13 3.357720 1.952850 2.159770 0.000178 -0.001521 -0.001183
14 0.059231 0.303400 -0.598210 -0.003580 0.001313 0.000621
15 3.716650 2.426500 1.525680 -0.003633 0.000593 -0.000494
16 3.693750 2.690780 1.504430 -0.003847 0.000655 0.001497
17 3.613430 2.861740 1.497080 -0.003918 0.000561 0.001928
18 3.847660 2.320880 1.511840 -0.003807 0.000448 -0.000549
19 3.462020 2.739650 1.437380 -0.004171 0.000659 0.002520
20 3.665330 2.760010 1.518080 -0.003667 0.000725 0.002373
21 0.121753 0.478675 -0.893160 -0.005194 0.002312 0.000784
22 3.660570 2.947950 1.186330 -0.005155 0.002155 0.001965
23 3.800070 2.594420 1.174010 -0.005407 0.001932 -0.000384
24 3.721770 2.703570 1.216910 -0.005105 0.002066 -0.000251
25 3.706240 2.545920 1.265340 -0.005424 0.001096 0.000087
26 3.847670 2.790160 1.238790 -0.005196 0.001895 0.001704
27 3.782840 2.486790 1.132380 -0.005712 0.002001 -0.000475
28 0.198995 0.473852 -1.247900 -0.006764 0.002894 0.000503
29 3.540760 3.008470 0.763791 -0.006613 0.002786 0.000605
30 3.594170 2.582670 0.854338 -0.006863 0.002367 -0.000940
31 3.664810 2.533980 0.734430 -0.007628 0.002570 -0.000759
32 3.871540 2.629940 0.933802 -0.006594 0.002096 -0.000487
33 3.612700 2.573130 0.767345 -0.007470 0.002502 -0.000906
34 3.656310 2.564640 0.799984 -0.007019 0.002453 -0.000640
35 3.698010 2.647870 0.700095 -0.007607 0.002863 -0.000651
