0 0.000000 0.000000 0.000000 0.000000 -0.000000 0.000000
1 3.399340 2.160450 1.865090 -0.000487 0.000345 0.000000
2 3.534000 2.019490 1.974270 0.000061 0.000192 -0.001291
3 3.593820 2.051270 1.846850 -0.000957 -0.000054 -0.000960
4 3.482770 2.152390 1.937300 -0.000217 -0.000132 -0.000398
5 3.359210 2.041590 2.080600 -0.000496 -0.001697 -0.000936
6 3.498420 1.978680 2.035750 -0.000132 -0.000791 -0.001328
7 0.052183 0.044717 -0.145960 -0.000681 0.001230 0.000901
8 3.393430 2.585900 1.712440 -0.001912 0.000894 0.003369
9 3.607990 2.364720 1.718580 -0.001623 0.001058 0.001895
10 3.439270 2.241220 1.870610 -0.000763 0.000592 0.001299
11 3.628660 2.738840 1.869990 -0.000744 0.000676 0.003567
12 3.226140 1.946720 1.395110 0.004318 0.000994 0.000141
13 3.710670 2.503790 1.805420 -0.001194 0.000963 0.002249
14 0.097821 0.428628 -0.816777 -0.004508 0.002755 0.001795
15 3.618380 2.453170 1.203720 -0.004165 0.002792 0.000924
16 3.715970 2.711230 1.356420 -0.004261 0.001689 0.002437
17 3.467290 2.850680 1.418430 -0.004200 0.001078 0.002876
18 3.871070 2.764290 1.239490 -0.004699 0.002403 0.003091
19 3.550950 2.907760 1.239770 -0.004763 0.002394 0.003575
20 3.691750 2.797900 1.403110 -0.003639 0.002308 0.003769
21 0.134583 0.587230 -1.036040 -0.005965 0.003339 0.001928
22 3.545250 2.824480 1.303810 -0.001807 0.002569 0.003757
23 3.744750 3.021960 1.099920 -0.005741 0.002855 0.003892
24 3.740180 2.819990 1.367860 -0.004538 0.001533 0.003244
25 3.812140 2.436640 1.495270 0.000848 0.003532 0.001859
26 3.655190 2.865520 1.287710 -0.004748 0.002359 0.003320
27 3.747370 2.663390 1.199610 -0.004719 0.002822 0.002183
28 0.245224 0.585998 -1.496270 -0.007781 0.004381 0.001584
29 3.655070 2.864180 0.619858 -0.007714 0.003990 0.001267
30 3.768380 2.611190 0.728891 -0.006703 0.003682 0.001328
31 3.587990 3.118330 0.553009 -0.007499 0.004193 0.003380
32 3.681430 2.965500 0.576551 -0.007727 0.004003 0.002959
33 3.844690 2.603600 0.764907 -0.006298 0.003414 0.001155
34 3.705400 2.547840 0.585066 -0.007814 0.003967 0.000352
35 3.813580 2.774880 0.582227 -0.007891 0.003773 0.002539
