0 0.055333 0.241239 -0.320252 0.000539 0.001932 0.001083
1 3.912480 1.804180 1.349770 0.001500 0.003481 -0.001900
2 3.985640 1.985730 1.392420 0.002471 0.003594 -0.000920
3 3.935190 1.739010 1.495180 0.001622 0.003024 -0.002704
4 3.925740 2.068060 1.569360 0.002070 0.002584 -0.000125
5 3.910020 1.993730 1.589400 0.000894 0.002291 -0.000781
6 3.905310 1.872700 1.482900 0.002186 0.002646 -0.001204
7 0.000000 0.000000 0.000000 0.000000 -0.000000 0.000000
8 3.370620 1.704140 1.509960 0.001145 0.001305 -0.002034
9 3.113830 1.739280 1.567100 -0.000065 0.001266 -0.001053
10 3.546870 1.691490 1.526680 -0.000413 0.001380 -0.001273
11 3.298000 1.733810 1.752580 0.001497 0.000773 -0.001542
12 3.374600 1.777980 1.757990 -0.000403 0.000291 -0.000903
13 3.040280 1.905970 1.790600 0.000922 0.000382 -0.000425
14 0.438346 -0.061562 -0.312944 0.000932 0.002625 -0.001230
15 4.184040 1.472890 1.634140 0.001852 0.002536 -0.003750
16 4.331630 1.276400 1.525140 0.001824 0.003027 -0.005277
17 4.190840 1.362550 1.616210 0.001049 0.002716 -0.004080
18 4.219530 1.465550 1.637580 0.001006 0.002072 -0.003481
19 4.268160 1.659410 1.526260 0.001416 0.003372 -0.002621
20 0.342915 -0.060874 0.188455 0.005396 0.003224 0.000000
21 4.092820 1.747560 1.911130 0.004951 0.003805 -0.002405
22 4.193570 1.818180 1.835670 0.003961 0.003386 -0.001763
23 4.206170 1.835280 2.006220 0.005196 0.003245 -0.002199
24 4.254480 1.890850 1.040650 0.001105 0.004112 -0.001655
25 3.981660 1.882550 2.021950 0.005135 0.001773 -0.000995
26 4.218480 1.729990 1.876200 0.005039 0.003903 -0.001423
27 0.350235 -0.327222 0.273605 0.006593 0.003291 0.000000
28 4.038210 1.474120 1.916190 0.007299 0.004238 -0.002623
29 4.090120 1.437720 2.016070 0.007289 0.003874 -0.002266
30 4.057840 1.480340 1.591010 0.004130 0.003486 -0.002740
31 4.142940 1.539670 1.978860 0.004985 0.002679 -0.002848
32 4.097890 1.213070 2.012310 0.005863 0.003187 -0.004175
33 4.026400 1.382250 1.998470 0.005817 0.003213 -0.002352
34 4.177500 1.236120 2.040260 0.006248 0.003163 -0.003516
