0 0.000000 0.005543 -0.009005 -0.000077 -0.000000 0.000000
1 3.595380 1.786090 1.739180 0.000923 0.001121 -0.001157
2 3.661200 1.688120 1.714530 0.000337 0.000534 -0.001620
3 3.531410 1.742620 1.622470 -0.000447 0.000207 -0.001325
4 3.477070 1.745700 1.660130 -0.000174 0.000164 -0.001375
5 3.381140 1.755730 1.918600 0.000904 -0.000636 -0.001042
6 3.023420 1.759260 1.662560 0.000618 0.000784 -0.001132
7 -0.063327 -0.017186 0.065588 -0.002398 -0.001917 -0.000952
8 3.724730 1.571860 1.205740 0.000327 -0.000018 -0.003658
9 3.461030 1.857370 1.451600 -0.003454 -0.001576 -0.002606
10 3.738180 1.587170 1.458730 -0.002816 -0.000624 -0.004109
11 3.680460 1.605200 1.439790 -0.002137 -0.000347 -0.004548
12 3.643180 1.720860 1.533620 -0.002834 -0.001019 -0.003016
13 3.789670 1.661930 1.745280 -0.001691 -0.000524 -0.003650
14 0.499522 -0.315707 -0.185785 0.000718 0.001773 -0.002544
15 4.378800 0.957136 1.573590 0.001143 0.002478 -0.007728
16 4.206760 1.255140 1.189580 -0.001446 0.002135 -0.005758
17 4.274390 0.971004 1.495000 0.001529 0.002221 -0.007453
18 4.179480 1.177780 1.755950 0.000230 0.000721 -0.005652
19 4.296970 1.032560 1.547060 0.000364 0.002122 -0.007036
20 4.131990 1.293130 1.636150 0.001649 0.002078 -0.004253
21 0.328813 -0.331779 0.502393 0.006193 0.002132 -0.000676
22 4.047720 1.289020 2.132190 0.005492 0.001991 -0.004086
23 4.109750 1.487000 1.788140 0.004736 0.003680 -0.002239
24 4.103000 1.289000 2.401290 0.005281 0.000585 -0.003894
25 4.072650 1.244760 1.775130 0.003823 0.001541 -0.003775
26 4.196440 1.500530 1.759410 0.003354 0.002066 -0.001887
27 4.188710 1.275360 1.706460 0.006678 0.004398 -0.003186
28 0.278893 -0.361648 0.351054 0.005785 0.002605 0.000009
29 3.948670 1.013860 2.152740 0.006306 0.002452 -0.005532
30 4.252900 1.291910 1.673540 0.005428 0.004182 -0.003390
31 4.145830 1.434480 1.731850 0.003694 0.003189 -0.002726
32 4.013580 1.242310 1.953270 0.004190 0.001122 -0.004500
33 4.110800 1.084060 1.866640 0.004459 0.002778 -0.005618
34 3.947180 1.031360 1.844580 0.003778 0.002571 -0.005674
35 4.100050 1.186700 1.987580 0.005668 0.002540 -0.005238
