0 -0.154445 -0.263981 0.131729 0.002461 -0.001054 0.000000
1 2.992810 2.237820 2.112020 0.001992 -0.001510 0.001672
2 3.389060 1.854350 2.018740 0.000798 -0.001440 0.000200
3 2.877430 2.401090 1.946040 0.000660 -0.001513 0.001727
4 3.408190 1.947470 2.070170 0.001104 -0.001879 -0.000231
5 2.909680 2.081770 1.943900 0.000064 -0.002066 0.000450
6 2.963770 1.908610 1.960650 0.000560 -0.001332 0.000208
7 0.000000 0.000000 0.000000 0.000000 -0.000000 0.000000
8 2.681630 2.012450 1.723610 -0.001015 0.000000 -0.000165
9 2.759140 1.944210 1.752920 -0.000751 -0.000261 -0.000000
10 2.744430 1.960470 1.763690 -0.000789 -0.000132 0.000000
11 2.600630 2.014550 1.732720 -0.001071 0.000034 -0.000000
12 2.538360 1.951540 1.783210 0.000110 0.000379 -0.000024
13 2.584310 2.074210 1.919240 -0.000583 -0.000698 0.000000
14 0.171465 -0.326021 0.171139 0.002437 0.001186 -0.000508
15 3.483650 1.837150 1.943350 0.002481 0.000819 -0.001300
16 3.501730 1.898760 1.925010 0.001417 0.001332 -0.000555
17 3.472620 1.890470 1.809680 0.001729 0.001887 -0.000972
18 2.886090 1.851740 2.021050 0.001885 0.001098 -0.000617
19 3.625060 1.714570 2.000570 0.002960 0.001406 -0.001977
20 3.378460 2.125700 2.125880 0.002821 0.000592 0.001282
21 0.414818 -0.615225 0.269516 0.007024 0.003537 -0.001342
22 3.538970 1.650840 2.099720 0.006096 0.002765 -0.001677
23 3.679680 1.595330 2.041370 0.006157 0.003090 -0.000696
24 3.531990 1.761320 2.141690 0.006002 0.003060 -0.000614
25 3.542330 1.821640 2.074580 0.005246 0.002801 0.000503
26 3.735280 1.651690 2.097420 0.005304 0.002406 -0.000847
27 3.731650 1.604070 2.063510 0.005550 0.002899 -0.002649
28 0.596298 -0.908793 0.307080 0.007728 0.004319 -0.002462
29 2.985570 1.679570 1.919290 0.005299 0.004066 -0.000431
30 3.444660 1.703990 1.937850 0.005626 0.004768 -0.000515
31 3.683740 1.581740 1.863420 0.004774 0.004278 -0.001462
32 3.569050 1.562110 1.942290 0.005750 0.004830 -0.001330
33 3.145780 1.785310 1.878780 0.005397 0.004492 0.000223
34 3.701250 1.547550 2.007860 0.006082 0.003785 -0.002039
35 3.839010 1.305290 1.834490 0.005371 0.005220 -0.003167
