0 0.000000 0.000000 0.000000 0.000000 -0.000000 0.000000
1 2.680420 2.116170 1.880310 0.000527 -0.000038 0.000953
2 2.586650 1.989560 1.801860 -0.000677 -0.000366 -0.000258
3 2.657680 2.074310 1.675300 -0.001494 0.000062 0.000252
4 2.720560 1.977690 1.776060 -0.000928 -0.000044 -0.000126
5 2.778140 1.928790 1.880750 -0.000769 -0.000946 -0.000207
6 2.739810 1.988190 1.784670 -0.000581 0.000058 0.000139
7 0.148894 0.215535 -0.037354 -0.002032 0.000821 -0.000095
8 3.773040 1.894420 1.628380 -0.001526 0.001499 -0.003668
9 3.720230 2.117230 1.767160 -0.002592 0.000821 -0.001827
10 3.025240 2.291560 1.406150 -0.001915 0.000921 0.000226
11 3.340470 2.521980 1.798460 -0.001705 0.000414 0.001236
12 3.416310 2.274610 1.462270 -0.001816 0.000471 -0.000184
13 3.509760 2.106480 1.697470 -0.001650 0.000434 -0.001900
14 0.250576 0.053951 0.021748 -0.000965 0.001445 -0.000501
15 3.731750 1.981330 1.869150 0.000791 0.000400 -0.001554
16 3.685190 1.916700 1.529660 0.002167 0.001106 -0.001270
17 3.880580 1.883110 1.573860 -0.000348 0.002175 -0.003216
18 3.177670 2.101250 1.321280 -0.000360 0.000719 -0.000715
19 3.477130 2.148920 1.611920 -0.000184 0.001861 -0.000401
20 3.128440 2.063730 1.591280 -0.000167 0.001320 -0.000797
21 0.558268 -0.484898 0.325896 0.005386 0.003931 -0.001737
22 3.937160 1.568620 1.982420 0.005086 0.003560 -0.002560
23 3.803910 1.781190 2.004320 0.004759 0.003598 -0.001390
24 3.777600 1.751980 2.114650 0.005129 0.003506 -0.001720
25 3.947180 1.627540 2.062340 0.004688 0.003286 -0.002190
26 3.844090 1.697930 2.053530 0.005033 0.003086 -0.001595
27 3.771290 1.707950 2.105300 0.005621 0.003390 -0.001587
28 0.618912 -0.665416 0.410121 0.006424 0.004659 -0.001889
29 3.801910 1.624340 2.000620 0.004348 0.004417 -0.002341
30 3.653180 1.586070 2.151990 0.005021 0.003991 -0.001816
31 4.126060 1.541050 1.869270 0.003703 0.005102 -0.002559
32 3.782960 1.533390 1.803720 0.004080 0.004767 -0.001784
33 3.701750 1.365590 1.997130 0.005005 0.004501 -0.003629
34 3.856650 1.460120 1.774600 0.005537 0.004833 -0.002793
35 4.146710 1.347370 1.939230 0.004465 0.005037 -0.004032
