0 0.195949 0.583521 -0.376833 -0.000351 0.002582 0.002540
1 2.993880 2.434650 1.433520 0.000950 0.003657 0.000599
2 2.953310 2.505810 1.213720 -0.001030 0.004128 -0.000647
3 2.975760 2.524170 1.543740 -0.000789 0.002163 0.000295
4 3.305340 1.695980 1.260790 -0.001659 0.003272 -0.003766
5 2.751910 2.927340 1.104500 -0.004640 0.001657 0.001935
6 -0.002853 -0.018807 -0.008470 0.000000 -0.000000 0.000000
7 2.274430 2.174480 1.702130 -0.000483 -0.000208 0.000822
8 2.419660 2.080970 1.582850 -0.000161 0.000134 0.000388
9 2.439870 2.018830 1.495720 0.000480 0.001865 0.000553
10 2.215280 2.090800 1.862310 0.001402 -0.000317 0.000727
11 2.102140 1.985960 2.041920 0.001345 -0.001243 0.000000
12 -0.119787 -0.627502 0.891340 0.004441 -0.002953 -0.002395
13 2.101370 2.115690 2.508390 0.002781 -0.002735 0.000669
14 2.215460 2.245470 2.385300 0.001959 -0.002797 0.000775
15 2.262050 2.443470 2.541370 0.002687 -0.002882 0.002667
16 2.384150 2.151190 2.368000 0.001492 -0.003215 0.000399
17 1.964180 2.349880 2.673040 0.003036 -0.003429 0.002211
18 -0.698629 0.570248 0.671660 0.001478 -0.004768 0.002870
19 2.833920 2.467780 2.231300 -0.000196 -0.003682 -0.000691
20 2.032250 2.961370 2.315540 -0.000357 -0.004939 0.003396
21 2.343450 2.613190 2.309940 -0.000440 -0.004394 -0.000090
22 2.074060 3.258530 2.395050 -0.000926 -0.005376 0.005585
23 2.108340 3.044550 2.500600 -0.000171 -0.005470 0.003465
24 1.895700 3.134240 2.394920 0.000472 -0.004156 0.004896
25 -1.315900 1.040970 1.364020 0.002834 -0.006556 0.009756
26 1.952790 3.271150 3.309990 0.003434 -0.006518 0.007882
27 1.664770 3.503720 2.981360 0.002152 -0.005295 0.010432
28 2.103500 2.980300 2.789000 0.002419 -0.004390 0.006957
29 2.268760 2.959900 3.253470 0.002829 -0.006063 0.006649
30 2.199370 3.161490 3.058540 0.002754 -0.005765 0.007152
31 2.181450 2.854850 3.157570 0.002956 -0.005280 0.006347
32 2.179110 3.062010 3.198580 0.002135 -0.006563 0.006545
