0 0.000000 0.000000 0.000000 0.000000 -0.000000 0.000000
1 2.502070 2.057220 1.805660 -0.000389 0.000324 0.000354
2 2.308180 1.899920 1.669250 -0.001041 0.000137 -0.000334
3 2.592140 1.870310 1.668170 -0.000708 0.000198 -0.000924
4 2.590590 1.985820 1.761550 -0.000186 0.000617 -0.000222
5 2.487160 2.013850 1.589120 -0.001054 0.000479 -0.000298
6 2.312210 2.012450 1.620800 -0.001252 0.000429 0.000192
7 -0.190240 -0.635031 0.427277 0.000974 -0.002275 -0.002642
8 2.647350 1.598440 1.942530 -0.000210 -0.000969 -0.003168
9 2.320090 2.028530 2.099020 -0.000544 -0.001980 -0.000337
10 2.522630 1.648110 2.092160 -0.000319 -0.002087 -0.002060
11 2.149330 1.858360 1.971820 0.000321 -0.001247 -0.000851
12 2.402570 2.061010 1.902090 -0.000193 -0.001127 0.000333
13 2.740900 1.478630 1.836220 0.000298 -0.000031 -0.004522
14 -0.004537 -1.383070 1.215460 0.004968 -0.004760 -0.006568
15 2.018840 1.315600 2.992670 0.004007 -0.005699 -0.004390
16 2.133940 1.416900 2.313550 0.000609 -0.003632 -0.003599
17 2.454310 1.574630 2.641800 0.002327 -0.004429 -0.002853
18 2.566270 1.199300 2.611830 0.002063 -0.004138 -0.005274
19 2.498860 0.953522 2.767140 0.002788 -0.004586 -0.005750
20 2.525430 1.346540 2.780560 0.001554 -0.006459 -0.004069
21 -0.815346 -0.097491 1.125570 0.002983 -0.006687 0.000374
22 1.552470 2.277150 2.670730 0.001380 -0.005837 0.001293
23 1.500690 2.657630 2.797750 0.001248 -0.007031 0.003323
24 1.828000 2.548160 2.783470 0.001022 -0.006416 0.002182
25 1.585670 2.538360 2.786940 0.001096 -0.006864 0.002808
26 1.906580 2.314530 2.823370 0.001109 -0.006400 0.001290
27 1.639560 2.448870 2.860720 0.001466 -0.006401 0.001769
28 -1.301730 0.367322 1.577480 0.002409 -0.008609 0.005939
29 1.721610 2.562160 3.268920 0.001030 -0.008224 0.003715
30 1.832840 2.756370 3.238430 0.001568 -0.007462 0.005912
31 2.318200 2.558410 3.135980 0.001337 -0.006947 0.004951
32 2.385720 2.514710 3.207360 0.002735 -0.007055 0.003881
33 1.649910 2.716150 3.276680 0.001163 -0.008107 0.005573
34 2.102280 2.524400 3.314020 0.002947 -0.007304 0.004956
35 1.472300 2.453670 3.695760 0.003674 -0.009816 0.004790
