0 0.158259 -0.177143 0.225130 0.001329 0.000000 -0.001847
1 3.803170 1.923630 2.105250 0.000909 -0.000085 -0.003380
2 3.969220 2.031900 2.030010 -0.000140 0.000222 -0.004100
3 3.669350 2.045630 2.081540 0.000441 -0.000018 -0.002769
4 3.465000 2.614600 2.220970 0.000886 -0.000295 0.001441
5 3.650300 2.229710 2.103080 -0.000287 -0.000341 -0.002247
6 3.749710 2.210680 2.092000 -0.000059 -0.000422 -0.001282
7 0.000000 0.000000 0.000000 0.000000 -0.000000 0.000000
8 3.430910 2.093360 1.874060 -0.000381 0.000005 -0.000000
9 3.459340 2.174940 1.935820 -0.000853 -0.000670 0.000000
10 3.548250 1.965260 1.899040 -0.000438 -0.000000 -0.000855
11 3.521910 2.011130 1.801990 -0.000613 0.000538 -0.000878
12 3.415220 2.008490 1.750220 -0.001406 0.000137 -0.000558
13 3.302720 2.058710 2.008260 -0.000369 -0.000729 -0.000000
14 -0.281881 -0.058089 0.551326 0.001578 -0.002483 0.001020
15 3.270750 2.138430 2.273140 -0.000360 -0.002640 -0.001909
16 3.388720 2.116030 2.249310 0.000437 -0.002197 -0.001664
17 3.605200 2.072570 2.439230 0.000340 -0.002985 -0.003020
18 3.600910 2.141170 2.267820 0.000049 -0.002354 -0.001918
19 3.505250 2.165710 2.286530 0.000067 -0.002192 -0.001086
20 3.562010 2.259610 2.373330 0.000704 -0.002114 -0.000385
21 -0.472237 0.402453 0.584607 0.001480 -0.003211 0.002124
22 3.222200 2.808130 2.459870 0.000873 -0.002941 0.000925
23 3.000010 2.860600 2.362190 -0.000133 -0.003014 0.002143
24 3.261160 2.461090 2.366540 0.000246 -0.002937 -0.000842
25 2.954720 3.031120 2.319990 -0.000049 -0.003020 0.003307
26 3.314880 2.648540 2.406310 0.000890 -0.002672 0.002221
27 3.084860 2.798550 2.492700 0.000862 -0.003210 0.002303
28 -0.334753 -0.122279 0.627939 0.002369 -0.002931 0.001081
29 3.613190 1.925540 2.470010 0.001244 -0.002940 -0.003340
30 3.363620 2.199210 2.580660 0.002560 -0.002436 -0.000230
31 3.505570 1.753160 2.415870 0.001214 -0.002930 -0.002553
32 3.729410 1.817090 2.407740 0.000790 -0.002847 -0.003142
33 3.303180 2.287940 2.530960 0.001435 -0.003312 0.000579
34 3.309330 2.079920 2.509430 0.001591 -0.003021 -0.000643
35 3.247610 2.208070 2.423280 0.001147 -0.002848 0.000291
