0 0.000000 0.000000 0.000000 0.000000 -0.000000 0.000000
1 3.484240 2.039530 1.891980 -0.000907 -0.000089 -0.000557
2 3.473370 1.976660 1.791780 -0.000994 0.000376 -0.000882
3 3.388890 1.991460 1.984870 0.000619 0.000355 -0.000617
4 3.457760 2.086500 1.918370 -0.000360 -0.000148 0.000178
5 3.382460 2.090400 2.009350 -0.000452 -0.000591 -0.000000
6 3.461910 2.139270 1.937160 -0.000514 -0.000201 0.000683
7 -0.159786 0.146535 -0.172340 -0.000892 0.000062 0.001923
8 3.405860 2.510070 1.756520 -0.001560 -0.000005 0.002213
9 3.440670 2.290720 1.842980 -0.001070 -0.000302 0.001074
10 3.394990 2.317290 1.857290 -0.001696 -0.000668 0.001943
11 3.520160 2.407590 1.808770 -0.000978 0.000041 0.001811
12 3.309370 2.653910 1.682240 -0.001976 -0.000185 0.003689
13 3.345900 2.392860 1.809580 -0.001394 -0.000044 0.001681
14 -0.556497 0.240158 0.361935 -0.000025 -0.002850 0.003357
15 3.018810 2.664370 2.203210 -0.000976 -0.003392 0.001539
16 2.781040 2.726080 2.287000 -0.001166 -0.003517 0.003474
17 3.261190 2.466220 2.357640 -0.000278 -0.002999 0.000873
18 3.117100 2.489610 2.164010 -0.000951 -0.002516 0.000947
19 3.094070 2.488190 2.249520 -0.001196 -0.003350 0.001119
20 3.267520 2.563960 2.225920 -0.001309 -0.003083 0.002348
21 -0.687483 0.691335 0.312177 -0.000091 -0.002977 0.004475
22 2.783560 3.214080 2.134490 -0.001360 -0.002841 0.004171
23 2.936650 2.930710 2.142470 -0.001974 -0.003186 0.003674
24 2.769550 3.233080 2.169400 -0.001262 -0.002959 0.004867
25 2.883520 3.167240 2.319200 -0.000135 -0.002950 0.005726
26 2.886080 3.222200 2.239740 -0.000909 -0.003577 0.005613
27 2.798200 3.021590 2.413530 0.000525 -0.002956 0.004563
28 -0.689464 0.213876 0.501060 0.001006 -0.003586 0.003968
29 3.272710 2.335820 2.238060 -0.000780 -0.003494 0.000490
30 3.112060 2.183870 2.410870 -0.000272 -0.003811 0.000390
31 3.487420 2.216010 2.379160 -0.000094 -0.003443 0.000867
32 3.183830 2.525120 2.366030 0.000201 -0.003631 0.002193
33 2.993190 2.476350 2.488990 0.000623 -0.004235 0.003982
34 3.009300 2.329170 2.448580 -0.000056 -0.004225 0.000789
35 2.973050 2.591210 2.497930 0.001252 -0.003773 0.003412
