0 -0.900927 0.790505 1.087820 0.003292 -0.005371 0.005955
1 2.953210 2.223290 1.895760 -0.001267 -0.003291 -0.000430
2 2.942150 2.697660 2.518240 0.002312 -0.003931 0.003212
3 3.171720 2.482130 2.516130 0.001157 -0.004885 0.002359
4 3.187360 2.348120 1.577270 -0.004257 -0.002662 -0.000288
5 3.132970 2.547160 1.635280 -0.001166 -0.000784 0.001623
6 0.000000 0.000000 0.000000 0.000000 -0.000000 0.000000
7 3.386560 1.893120 1.627640 -0.001359 -0.000263 -0.000960
8 2.972480 1.816520 1.663180 -0.001013 0.000000 -0.001001
9 3.314420 2.018490 1.559070 -0.001452 -0.000062 0.000942
10 2.898660 1.877660 1.733210 -0.001050 -0.000650 -0.001097
11 2.917930 2.067600 1.703750 -0.001380 -0.000307 0.000735
12 -0.368748 0.158220 0.352319 0.003407 -0.003615 0.003646
13 3.436560 1.789980 2.420550 0.007091 -0.003959 0.000206
14 3.606880 1.490620 2.003920 0.005751 -0.001870 -0.002398
15 3.649700 1.891230 2.372230 0.004308 -0.003850 0.000622
16 3.626900 1.878310 1.890670 0.002230 -0.001710 -0.000159
17 3.488540 1.883370 2.101320 0.003361 -0.003291 -0.000322
18 3.635260 1.812270 2.094330 0.001755 -0.003275 -0.000197
19 -0.209880 -0.212998 1.334920 0.012900 -0.004347 0.003510
20 2.796740 1.758680 2.129410 0.004856 -0.002061 -0.000556
21 0.102094 2.265160 2.606640 0.010895 -0.003545 0.003611
22 2.828680 1.962900 2.801370 0.010850 -0.004688 0.001653
23 3.460120 1.929700 2.846480 0.010984 -0.004444 0.001931
24 3.418400 1.717820 2.731650 0.011280 -0.004303 0.000593
25 2.866960 1.799330 2.735170 0.010811 -0.003921 0.000582
26 0.343830 -0.254682 -0.298441 0.001321 -0.001244 0.000000
27 4.121990 1.769530 1.126490 -0.003180 -0.000882 -0.003304
28 4.201150 1.828960 1.220000 -0.002448 -0.000619 -0.002256
29 4.077420 1.859960 1.273490 -0.002736 -0.001357 -0.002118
30 4.001330 1.862140 0.958273 -0.003934 0.000147 -0.001509
31 4.222340 1.960670 1.212730 -0.002632 -0.000848 -0.001811
32 4.110950 1.652820 1.140420 -0.003613 -0.001242 -0.003617
33 4.006160 1.903410 1.105790 -0.003895 -0.000844 -0.002098
