0 0.000000 0.000000 0.000000 0.000000 -0.000000 0.000000
1 3.425670 1.855140 1.654980 -0.000769 0.000046 -0.001053
2 3.382760 1.835580 1.794440 0.000246 -0.000314 -0.001159
3 3.321390 1.871750 1.615000 -0.000166 0.001195 -0.000388
4 3.493590 1.925980 1.633910 -0.001245 0.000243 -0.000308
5 3.497140 1.877680 1.578460 -0.001782 -0.000133 -0.001081
6 3.599080 1.862530 1.590820 -0.001531 0.000473 -0.000854
7 0.981318 -0.890589 -1.004570 -0.003449 0.004492 -0.006938
8 3.473880 1.868190 1.139070 -0.002857 0.002636 -0.001787
9 3.564350 1.691870 0.907861 -0.003768 0.003446 -0.003249
10 3.410220 1.916340 0.995974 -0.004217 0.002318 -0.002003
11 3.460020 2.110370 0.912386 -0.004361 0.003490 -0.000709
12 3.760000 1.829260 0.822242 -0.003658 0.004712 -0.002558
13 3.252560 1.915610 0.881262 -0.004166 0.004455 -0.001652
14 0.541566 -0.680836 -0.709085 0.000000 0.001268 -0.002679
15 4.020600 1.216840 1.449450 0.002431 0.000937 -0.004478
16 4.302390 0.841602 1.321090 0.000396 0.000621 -0.006240
17 4.508940 1.057690 1.196940 0.000197 0.001638 -0.005508
18 4.525540 0.988680 1.227290 -0.001106 0.000784 -0.005616
19 3.626980 1.549010 1.269710 -0.000681 0.000467 -0.001417
20 4.113660 1.015110 1.259800 -0.001211 0.000176 -0.005071
21 0.735662 -1.039680 0.187135 0.009365 0.001185 -0.002760
22 4.430720 1.101930 1.479310 0.003503 0.002624 -0.006355
23 3.128430 1.602040 1.653140 0.007583 0.000975 -0.000628
24 4.110830 1.399090 1.706570 0.007834 0.001090 -0.002750
25 4.367850 1.402810 1.749520 0.007577 0.001147 -0.002115
26 4.384960 1.196420 1.488390 0.006242 0.001641 -0.003922
27 3.181100 1.340400 1.434200 0.007121 0.002005 -0.002992
28 1.191400 -0.950905 -1.376790 -0.002263 0.003612 -0.005819
29 4.064700 1.839300 0.720240 -0.003211 0.001660 -0.003384
30 3.991500 1.742980 0.560066 -0.005549 0.001625 -0.003357
31 4.262570 1.750730 0.375481 -0.004929 0.003449 -0.003383
32 4.951980 1.082230 0.209486 -0.005717 0.003944 -0.008727
33 4.732870 1.239670 0.294682 -0.004697 0.004455 -0.008161
34 4.592480 1.202200 0.064208 -0.007009 0.004417 -0.007519
35 4.614350 1.211710 0.568143 -0.003185 0.004212 -0.007231
