0 -0.461882 -0.559836 1.681030 0.011014 -0.003135 0.001777
1 2.267140 2.795240 3.418650 0.009524 -0.001798 0.006678
2 3.202500 1.676270 3.532350 0.008584 -0.003515 -0.001649
3 3.599240 1.425230 3.319360 0.008673 -0.001379 -0.003279
4 2.561890 2.365670 3.236750 0.008334 -0.001535 0.003990
5 3.484920 1.693630 3.149200 0.007589 -0.001406 -0.002790
6 3.302210 1.696890 3.282030 0.008335 -0.001540 -0.001169
7 0.000000 0.049499 -0.082138 -0.000651 -0.000000 0.000000
8 2.574170 2.445630 1.936520 -0.000731 0.000000 0.001910
9 2.430020 2.186640 1.951740 -0.000513 0.000107 0.001007
10 2.787930 2.167540 1.898680 -0.000645 0.000066 0.000714
11 2.763760 2.393480 1.878950 -0.001108 0.000138 0.002085
12 3.118970 2.016670 2.031730 -0.000869 -0.000254 -0.000332
13 2.596610 2.438960 2.051490 0.000241 0.000499 0.002758
14 -0.186405 0.339921 -0.163764 -0.001102 0.001185 0.001884
15 2.513300 2.677850 1.912060 -0.001446 0.000694 0.001863
16 2.372180 3.153280 1.956620 -0.000896 0.000663 0.005049
17 2.194270 3.318490 1.902250 -0.001278 0.000714 0.007422
18 3.030780 2.590470 1.817250 -0.001724 0.000969 0.001623
19 2.431270 2.890080 1.927120 -0.000780 0.001029 0.004269
20 2.598550 2.853840 1.922090 -0.000625 0.001125 0.004310
21 -0.388523 0.418647 0.180966 0.001293 0.001098 0.003520
22 2.339610 3.022590 2.132850 0.000499 0.001174 0.005645
23 2.977360 2.937540 2.182740 0.000711 0.002035 0.003719
24 2.716050 3.168670 2.183820 0.001602 0.001729 0.006166
25 2.990730 3.054420 2.052700 0.000913 0.002463 0.003248
26 2.435330 3.195400 2.359850 0.002430 0.000929 0.006903
27 3.255350 2.526090 2.192690 0.000787 0.001323 -0.000726
28 -0.650706 0.072857 2.159560 0.012795 0.001130 0.004685
29 2.866670 2.167740 2.020310 0.010489 0.000547 0.000797
30 3.578420 1.962580 0.999793 0.002273 0.006177 -0.002201
31 2.059970 2.553290 3.886050 0.012708 0.000166 0.006560
32 1.725900 2.493940 4.191840 0.013584 -0.006012 0.006171
33 1.963700 2.413690 4.260950 0.012686 -0.005516 0.004293
34 2.506110 2.633400 3.756570 0.011570 -0.000426 0.005092
35 1.597870 3.454050 3.862940 0.014266 -0.005160 0.010373
