0 0.000000 -0.011293 0.018729 0.000148 -0.000000 0.000000
1 2.716420 2.142870 2.012760 -0.000549 0.000227 0.000969
2 3.341340 1.825820 2.051560 -0.000561 -0.000344 -0.003056
3 2.666180 2.176090 1.896690 -0.000754 0.000515 0.001373
4 2.823140 2.325480 1.877010 -0.001325 0.000636 0.001016
5 3.241970 2.042540 1.951000 -0.000717 0.000391 -0.001409
6 3.516210 1.866650 1.899590 -0.000908 0.000523 -0.003459
7 0.516508 0.444678 -1.519890 -0.010452 0.002504 -0.002392
8 3.068930 3.266540 0.772116 -0.008996 0.002353 0.002824
9 3.216790 3.112860 0.846865 -0.008579 0.001993 0.002852
10 4.250330 2.140720 0.807211 -0.008831 0.002143 -0.004912
11 3.236110 3.118610 0.751068 -0.010045 0.001590 0.001745
12 2.975410 3.034280 1.010640 -0.008219 0.001027 0.002238
13 2.705230 3.400510 0.690811 -0.009071 0.002768 0.003377
14 0.321685 0.872275 -1.950160 -0.012494 0.004225 -0.000000
15 3.746700 2.822510 0.604168 -0.008936 0.002579 -0.001231
16 2.931660 3.053470 0.536734 -0.010470 0.002051 0.000467
17 2.192920 3.991900 0.529526 -0.010251 0.002756 0.006310
18 2.774170 3.637440 0.224457 -0.011654 0.003873 0.003683
19 2.471360 3.399610 0.509111 -0.010661 0.003304 0.004042
20 3.964060 2.658910 0.610283 -0.009540 0.003045 -0.002796
21 0.130037 0.877636 -1.447300 -0.009881 0.003406 0.000886
22 2.789260 3.827310 0.671927 -0.008875 0.003469 0.005585
23 3.766520 2.866400 0.825799 -0.009903 0.002347 -0.004696
24 2.548150 3.845170 0.752096 -0.009139 0.003014 0.005799
25 2.975270 3.284860 0.917684 -0.008039 0.002342 0.001987
26 2.538350 3.578770 0.822844 -0.008347 0.003442 0.004672
27 2.584220 3.928930 0.929866 -0.008101 0.002683 0.006020
28 -0.132346 0.594986 0.347582 0.000747 0.004232 0.002237
29 2.075440 3.018800 2.611380 0.003187 -0.003328 0.004675
30 2.170400 2.918630 2.673710 0.003293 -0.003072 0.003848
31 2.219790 2.869290 3.160490 0.003953 -0.004746 0.003528
32 2.261970 2.885600 2.256480 0.003911 -0.001008 0.004004
33 2.333500 2.894190 3.092750 0.004963 -0.004371 0.003884
34 2.422670 2.658620 3.340770 0.006245 -0.004224 0.002401
35 2.291180 2.864030 3.284340 0.005963 -0.004278 0.004095
