0 0.213598 -0.433069 0.659823 0.005606 0.000577 -0.000844
1 4.132400 1.588480 2.443910 0.003954 0.000766 -0.002242
2 4.161700 1.625570 2.378460 0.003893 0.000853 -0.003178
3 4.225740 1.615060 2.484550 0.004556 0.000559 -0.002911
4 4.278570 1.502110 2.464020 0.004142 0.000699 -0.002876
5 4.170530 1.511740 2.430280 0.004225 0.000563 -0.003715
6 4.148210 1.518090 2.369800 0.003597 0.000482 -0.002593
7 0.000645 -0.009673 -0.024077 0.000000 -0.000000 0.000000
8 3.445530 1.758220 1.805850 -0.000854 -0.000202 -0.001343
9 3.151970 1.770920 1.877540 -0.000484 -0.000519 -0.001464
10 3.683230 1.805330 1.729420 -0.001101 0.000332 -0.001426
11 3.539690 1.912130 1.811910 -0.000536 0.000307 -0.000927
12 3.179310 2.002390 1.892920 0.000009 0.000023 0.000551
13 3.428380 1.802390 1.899750 -0.000581 -0.000192 -0.001332
14 0.126566 0.147168 0.369578 0.000000 -0.000000 0.000000
15 3.825220 1.941320 2.026060 -0.000648 0.000097 -0.002867
16 4.131880 1.911230 2.114270 -0.000282 0.000004 -0.002815
17 3.937900 2.088450 2.060350 -0.000757 0.000679 -0.001847
18 4.084150 1.813810 2.401100 0.000466 -0.000264 -0.002827
19 4.065650 1.947830 2.137330 -0.000977 0.000435 -0.003363
20 3.836110 2.131310 2.258850 0.000125 -0.000055 -0.001116
21 0.181899 0.027060 1.199670 0.003717 -0.000000 0.000000
22 2.369040 2.205100 2.831660 0.002348 -0.001154 0.000731
23 4.063710 2.121500 1.855550 0.002508 -0.001364 -0.000875
24 4.069140 2.235940 1.298150 0.004421 0.000295 -0.000209
25 4.089410 2.026330 2.406430 0.003862 -0.003158 -0.000000
26 4.076220 1.815080 3.109070 0.004708 -0.001007 -0.002901
27 4.019780 2.176430 2.787400 0.003086 -0.000728 -0.000240
28 0.236528 0.129248 1.284350 0.001751 0.000160 0.000000
29 2.629660 3.021090 3.216050 0.002899 -0.005029 0.003912
30 3.201590 2.250790 2.612020 0.003326 -0.000333 -0.000366
31 3.389560 3.074680 3.029840 0.003498 -0.004384 0.004424
32 4.313640 1.914980 2.861550 0.002271 -0.001293 -0.003984
33 2.589850 2.886450 1.309250 0.001247 -0.000317 0.003820
34 3.152210 2.543650 1.241910 0.000035 -0.000559 0.001573
35 3.917810 2.143620 1.168990 0.000328 0.000133 -0.001745
