0 0.056545 -0.059822 -0.013296 -0.000142 -0.000032 -0.000488
1 2.917430 1.723980 1.974240 -0.000403 -0.000824 -0.002025
2 3.549640 1.736760 1.929550 -0.000740 -0.000770 -0.001789
3 3.696310 1.678210 1.715410 -0.001237 0.000518 -0.002244
4 2.997580 1.872200 1.804770 -0.001451 -0.000449 -0.000842
5 3.848710 1.722570 1.774460 -0.001349 -0.000032 -0.001813
6 3.034830 2.000870 1.746740 -0.001446 -0.000166 -0.000527
7 -0.230206 0.494868 -0.727999 -0.005607 0.000021 0.001138
8 2.497360 2.987050 1.197790 -0.005388 0.000415 0.003579
9 3.624250 2.282210 1.281360 -0.005197 -0.000186 -0.001528
10 3.537870 2.791210 1.003270 -0.005512 0.001702 0.003025
11 3.592690 2.344690 1.370800 -0.005109 -0.000516 -0.000428
12 3.655590 2.434460 1.065460 -0.006603 0.000181 0.000696
13 3.638660 2.737010 1.170020 -0.005658 0.000741 0.001966
14 -0.222916 0.481358 -0.090639 -0.004647 -0.001140 0.001019
15 3.657170 2.284780 1.850520 -0.004933 -0.001832 -0.001687
16 3.749470 2.147810 1.666510 -0.003245 -0.001460 -0.002410
17 3.456200 2.699330 1.800300 -0.004216 -0.001361 0.001258
18 3.721460 2.176470 1.847610 -0.004556 -0.001737 -0.001612
19 3.664540 1.943780 1.758270 -0.003889 -0.001046 -0.002844
20 3.817650 2.131120 1.971050 -0.004097 -0.001824 -0.001259
21 0.077453 0.294905 0.577475 -0.000948 -0.000000 0.000527
22 2.313010 3.107510 1.745220 -0.000773 -0.002301 0.004524
23 2.751850 2.595500 2.269790 -0.001083 -0.001135 0.001777
24 3.779920 2.162470 2.365820 0.000507 -0.001259 -0.001048
25 2.886770 2.533440 2.458270 -0.000295 -0.005896 0.001731
26 3.904380 2.175750 2.413280 -0.000768 -0.000788 -0.000667
27 4.026600 2.020610 2.343440 -0.000208 -0.001674 -0.001494
28 0.117815 0.454354 0.640502 -0.003331 0.000000 0.000705
29 3.875880 2.293980 0.599757 -0.004058 0.000192 -0.002431
30 4.072750 2.244520 0.559445 -0.004675 -0.000143 -0.002325
31 2.359330 3.748850 2.041550 0.000666 -0.002387 0.008038
32 3.951860 2.313110 1.766240 -0.002376 -0.001331 -0.001075
33 2.064300 3.575480 0.994166 -0.001834 -0.000320 0.006802
34 2.205310 3.962400 1.026520 -0.002097 -0.000798 0.008442
35 2.596300 3.211610 0.617279 -0.004388 -0.000533 0.004637
