0 -0.320735 1.338660 -0.910027 -0.015618 -0.004685 0.001095
1 3.311360 2.886460 0.869974 -0.007267 -0.004047 -0.001452
2 3.364410 2.812300 0.945398 -0.006011 -0.002701 -0.001462
3 3.482530 2.809300 0.924765 -0.005361 -0.001782 -0.001047
4 3.347970 2.657510 1.325260 -0.005409 -0.004206 -0.001669
5 3.423460 2.940240 0.820843 -0.007033 -0.002922 -0.001080
6 3.647670 2.306290 0.512481 -0.006501 -0.000888 -0.003463
7 0.000000 0.000000 0.000000 0.000000 -0.000000 0.000000
8 3.243350 1.953000 1.883160 0.000095 -0.000614 -0.001266
9 3.153990 2.115980 1.878860 -0.001079 -0.000015 0.000047
10 3.368900 2.087060 1.884520 -0.000809 -0.000000 0.000014
11 3.210910 2.012020 1.949650 -0.000480 -0.000231 -0.000362
12 3.155810 1.988120 1.852740 -0.001253 -0.000141 -0.000335
13 3.310940 2.000950 1.833030 -0.001395 -0.000275 -0.001558
14 -0.338967 0.954638 -0.639617 -0.012317 -0.002670 -0.000000
15 2.999320 2.678390 0.970478 -0.004731 -0.001415 -0.000157
16 3.298920 2.582580 0.973629 -0.004928 -0.001805 -0.001680
17 3.236360 2.474950 1.331830 -0.003051 -0.000939 -0.002206
18 3.135800 2.831030 0.911319 -0.005183 -0.001135 0.000113
19 3.193190 2.759480 0.945127 -0.005306 -0.001578 -0.000345
20 3.229080 2.533230 1.052590 -0.004052 -0.000766 -0.001367
21 0.098132 0.936917 -1.320380 -0.017409 -0.002217 -0.002317
22 3.510060 2.870280 0.489962 -0.010247 -0.002200 -0.002094
23 3.542210 2.839940 0.788898 -0.008101 -0.001386 -0.002765
24 3.414650 2.906400 0.907917 -0.008072 -0.001923 -0.002526
25 3.485290 2.875080 0.855777 -0.008282 -0.001907 -0.001789
26 3.466750 2.849550 0.876277 -0.008596 -0.002068 -0.002283
27 3.517900 2.914880 0.405308 -0.010821 -0.002639 -0.002152
28 0.063764 1.184470 -1.748100 -0.021420 -0.002580 -0.002245
29 3.682850 2.882520 0.383568 -0.011597 -0.001567 -0.003226
30 3.376520 3.030570 0.624155 -0.011211 -0.002630 -0.002526
31 3.421420 2.922800 0.536151 -0.011482 -0.001923 -0.002341
32 3.496940 2.976930 0.177302 -0.012752 -0.001853 -0.002609
33 3.547210 2.763560 -0.022364 -0.013197 -0.001498 -0.003018
34 3.603920 2.948500 0.027572 -0.013141 -0.002085 -0.002803
35 3.385800 2.816200 0.130965 -0.012578 -0.001655 -0.002716
