0 0.000000 0.002078 -0.003426 -0.000028 -0.000000 0.000000
1 3.318670 1.940520 1.854950 0.000067 0.000628 -0.000080
2 3.300650 1.856740 1.907160 0.001112 0.000204 -0.000903
3 3.305940 2.035020 1.793510 0.001057 0.001829 0.000589
4 3.368820 2.101750 1.822070 -0.000133 0.000509 0.000323
5 3.415450 1.898570 1.907810 0.000746 0.000901 -0.001015
6 3.452290 1.828390 1.765360 0.000246 0.001011 -0.000887
7 0.394609 -1.431850 0.935082 0.015626 0.004565 -0.001835
8 3.472620 1.001900 2.803570 0.009722 0.001120 -0.001619
9 3.696300 1.451320 2.465240 0.007948 0.002228 0.000888
10 3.522210 1.036800 2.612620 0.008378 0.001378 -0.001176
11 3.697950 1.074340 2.560680 0.010023 0.003228 -0.001311
12 3.502870 1.300860 2.601210 0.009522 0.002892 -0.000765
13 3.592830 1.292330 2.452120 0.008678 0.002798 -0.000903
14 0.027944 -0.515812 0.378922 0.004302 0.002067 -0.001386
15 3.415230 1.763440 2.267400 0.004981 0.002890 -0.000801
16 3.561190 1.740460 1.748920 0.004893 0.003280 -0.001207
17 3.253800 1.680630 2.253950 0.003918 0.002505 -0.000811
18 3.500510 1.729410 2.199070 0.003590 0.002791 -0.000737
19 3.435070 1.718400 2.110350 0.003700 0.002889 -0.001222
20 3.522640 1.370910 2.027480 0.003962 0.004663 -0.004048
21 0.388517 -0.558926 -0.125818 -0.000000 0.002150 -0.003282
22 3.775030 1.876960 1.705630 -0.000496 0.002875 -0.002783
23 3.739910 2.035630 1.765650 -0.000832 0.002651 -0.001637
24 3.605610 1.969460 1.766410 -0.000913 0.002777 -0.001580
25 3.841920 2.043180 1.772260 -0.000902 0.002457 -0.001246
26 3.607370 1.848320 1.686890 -0.000764 0.003121 -0.002094
27 3.842440 1.986620 1.745580 -0.000211 0.003201 -0.002733
28 0.354800 -0.175990 -0.711095 -0.004743 0.001901 -0.003055
29 3.677680 2.112440 1.270300 -0.004200 0.002545 -0.002277
30 3.824420 2.074740 1.344650 -0.004216 0.001995 -0.003384
31 3.724400 2.177670 1.000360 -0.004266 0.002662 -0.001778
32 3.650660 2.025550 1.225290 -0.004190 0.001895 -0.003006
33 3.482020 1.684180 1.474120 0.002412 0.002485 -0.003041
34 3.729650 2.101030 1.000620 -0.002827 0.002838 -0.002678
35 3.744190 1.980500 1.276010 -0.003895 0.002175 -0.003147
