0 -0.268037 0.107994 0.311127 0.000296 -0.002325 0.000000
1 3.432830 2.494860 2.144520 0.000620 -0.001302 -0.000056
2 3.478810 2.331740 2.153820 0.000095 -0.001537 -0.000086
3 3.367480 2.514100 2.050550 0.000234 -0.001363 -0.000000
4 3.467120 2.491590 2.206540 0.000520 -0.001896 -0.000033
5 3.397190 2.425810 2.125090 -0.000144 -0.001687 0.000199
6 3.429000 2.515810 2.086280 0.000145 -0.001364 0.001336
7 0.000020 -0.001535 -0.002606 0.000000 -0.000000 0.000000
8 3.388960 2.322860 1.917860 0.000611 0.000000 0.000768
9 3.568140 2.084380 1.895990 -0.000221 -0.000000 -0.000595
10 3.505500 1.958770 1.843070 0.000068 0.000343 -0.001329
11 3.470560 2.039300 1.928830 0.000228 0.000005 -0.000641
12 3.628960 1.999750 1.567070 -0.000263 0.002221 -0.000636
13 3.585130 2.314550 1.877120 0.000699 0.000385 0.000763
14 -0.235451 0.565819 -0.558976 -0.000000 0.003022 0.005405
15 3.465360 2.542460 1.211800 -0.001359 0.003119 0.001968
16 3.485520 2.853830 1.179440 -0.001514 0.003190 0.003363
17 3.667660 2.603190 1.197090 -0.000735 0.003678 0.001848
18 3.261000 3.108800 1.326820 -0.000671 0.002893 0.005754
19 3.536620 2.582670 1.509510 0.000329 0.002352 0.002857
20 3.443820 2.663200 1.496550 0.000689 0.002779 0.003706
21 -0.312920 0.621812 -0.736926 0.001940 0.003698 0.006442
22 3.446850 2.678650 1.109010 0.000114 0.004036 0.003128
23 3.275740 3.064060 1.080780 -0.000123 0.003550 0.005065
24 3.352030 2.600050 0.958772 -0.000348 0.004345 0.001243
25 3.268430 2.635180 1.145310 0.000479 0.003651 0.003719
26 3.472180 2.640420 1.016960 -0.000219 0.004008 0.004002
27 3.364650 2.615350 1.038780 0.000227 0.004123 0.002924
28 -0.180766 0.962523 -1.930880 -0.001304 0.009308 0.008723
29 3.580010 2.778150 0.001598 -0.002306 0.009411 0.004640
30 3.774330 2.423800 -0.119221 -0.002488 0.010273 -0.000685
31 3.647080 2.707100 -0.019362 -0.002258 0.009583 0.003521
32 3.629410 2.779560 0.282452 -0.001234 0.008130 0.004448
33 3.654200 2.710360 0.119715 -0.001717 0.008808 0.003799
34 3.464660 2.888200 0.217287 -0.001300 0.008294 0.005203
35 3.471570 2.788280 0.229282 -0.000946 0.008615 0.005215
