0 0.000000 0.000000 0.000000 0.000000 -0.000000 0.000000
1 3.565380 1.987330 1.665520 0.000238 0.001967 -0.001087
2 3.448700 2.087620 1.934140 0.000482 0.000380 -0.000072
3 3.520460 1.873000 1.850870 0.000394 0.000754 -0.001487
4 3.629830 2.074160 2.061760 0.000649 -0.000000 -0.000677
5 3.616970 2.116360 2.066580 0.001432 0.000048 0.000000
6 3.651060 1.997610 1.929450 -0.000007 -0.000119 -0.000273
7 0.256170 -0.074155 -0.340733 -0.000180 0.002632 0.000126
8 3.824460 2.633480 1.670600 0.000087 0.001985 0.001935
9 3.871870 2.440320 1.699350 -0.000506 0.001327 0.000696
10 3.886350 2.113630 1.555680 -0.000821 0.002354 -0.000909
11 3.931550 1.954330 1.477320 -0.000613 0.003340 -0.001988
12 3.719560 2.401340 1.485080 -0.001098 0.002889 -0.000383
13 3.729840 2.262430 1.648460 0.000059 0.002471 0.000010
14 -0.087329 0.470453 -0.659318 0.000598 0.004711 0.005691
15 3.660420 2.790570 1.212630 -0.001028 0.003750 0.004252
16 3.500770 2.489330 1.293140 0.000111 0.004170 0.001405
17 3.807320 2.241620 1.298820 0.000239 0.004014 -0.000813
18 3.607960 2.432770 1.329800 0.000207 0.004123 0.001192
19 3.527600 2.598580 1.339280 0.000584 0.003966 0.003027
20 3.722880 2.102880 1.339870 0.000943 0.004701 -0.000376
21 -0.159456 0.633063 -1.047990 0.001713 0.006006 0.007016
22 2.769550 2.690240 0.742951 -0.001479 0.005282 0.003034
23 3.269600 2.695070 0.710346 -0.000871 0.005906 0.003555
24 3.580580 2.464120 0.742769 -0.000156 0.006824 0.001284
25 3.663440 2.238360 0.585661 -0.001531 0.006352 -0.001638
26 3.605960 2.530960 0.760928 0.000054 0.006292 0.001729
27 3.455970 2.995700 0.454875 0.001172 0.005708 0.007561
28 -0.121575 0.976143 -2.086790 -0.001393 0.010332 0.009324
29 3.246310 2.585560 0.355443 -0.001391 0.007032 0.003366
30 3.759630 2.621440 -0.273578 -0.002086 0.010966 0.003647
31 3.555660 2.594510 -0.041420 -0.002642 0.009529 0.002844
32 2.935910 3.307150 0.590543 -0.001006 0.005548 0.009005
33 3.867110 2.341550 0.073511 -0.001595 0.009391 0.000452
34 3.225610 2.595290 0.291859 -0.001209 0.007986 0.003765
35 2.474860 2.532730 1.086260 0.000212 0.001032 0.006510
