0 -0.298083 -0.351759 2.020110 0.010434 -0.002767 0.001009
1 3.125700 2.359390 3.960570 0.011399 -0.001550 0.001630
2 3.644440 2.127370 2.464410 0.007529 0.002531 -0.002608
3 3.680820 1.883950 2.737910 0.005874 -0.000273 -0.003697
4 3.768890 2.195670 1.072620 -0.000590 0.000707 -0.004410
5 3.567480 2.281170 1.502180 0.000247 -0.000721 -0.003143
6 3.574500 2.153790 1.238460 -0.000629 0.000366 -0.004250
7 0.000000 0.000000 0.000000 0.000000 -0.000000 0.000000
8 3.406520 2.196400 2.061950 0.001225 0.000682 -0.001517
9 3.160110 2.292630 2.158550 0.001133 -0.000173 -0.000934
10 3.242440 2.396580 2.054160 0.000541 0.000119 -0.000000
11 3.331990 2.355410 2.196780 0.001500 -0.000000 -0.000778
12 3.462350 2.296030 2.103530 0.001201 0.000248 -0.001893
13 3.325800 2.337800 2.217890 0.001666 0.000310 -0.000620
14 0.337635 -0.542111 0.872148 0.004840 -0.002018 -0.003368
15 3.679980 1.740280 2.959330 0.005682 -0.001377 -0.004831
16 3.699690 2.068210 2.978100 0.005026 -0.001887 -0.003235
17 3.586740 1.957820 2.814250 0.005325 -0.000802 -0.004092
18 3.572150 2.032940 2.958600 0.005807 -0.001214 -0.003463
19 3.687850 1.713380 2.971050 0.005146 -0.002198 -0.003632
20 3.696640 1.887040 2.867290 0.005110 -0.001489 -0.003585
21 0.368067 0.020835 0.725240 0.001765 -0.002330 -0.003788
22 3.631780 2.460830 2.736630 0.002514 -0.001693 -0.001070
23 3.808180 2.369550 2.216320 0.001038 -0.000306 -0.001878
24 4.085130 2.061050 2.215440 0.002313 0.000781 -0.007369
25 4.067180 2.188130 2.269440 0.000553 -0.000805 -0.004522
26 3.189410 3.135040 2.858870 0.002673 -0.002431 0.002768
27 2.861980 3.207130 2.819990 0.002334 -0.002346 0.002826
28 -0.194616 0.564799 0.665859 -0.005030 -0.007477 -0.003205
29 3.161500 2.335330 2.811420 -0.001758 -0.005872 -0.004562
30 3.041580 2.537620 2.787010 -0.002900 -0.006535 -0.003240
31 2.982250 2.924420 2.730930 -0.002896 -0.006473 0.000274
32 3.231890 2.592430 2.745310 -0.002903 -0.006372 -0.002538
33 3.198980 2.402680 2.679570 -0.003027 -0.006261 -0.004027
34 3.029240 2.969810 2.541910 -0.004743 -0.006667 -0.001210
35 3.366910 2.349880 2.716100 -0.003130 -0.006384 -0.004552
