0 0.000000 0.000000 0.000000 0.000000 -0.000000 0.000000
1 3.092390 2.315830 2.044790 0.001169 0.000679 -0.000613
2 3.446290 2.281260 2.102030 0.001320 0.000469 -0.001099
3 3.466920 2.384370 1.760980 -0.000335 0.001295 -0.000526
4 3.574950 2.401770 1.882180 0.000536 0.000910 -0.000818
5 3.553820 2.346680 1.822590 0.000283 0.000053 -0.000790
6 3.324390 2.393310 1.870510 -0.000016 0.000792 -0.000107
7 0.368260 0.303996 -1.984240 -0.010136 0.002860 -0.001307
8 4.002550 2.523280 0.491799 -0.007768 0.002838 -0.001687
9 3.795850 2.502780 0.291119 -0.008778 0.003111 -0.002400
10 3.706690 2.384380 0.584880 -0.007915 0.002005 -0.002486
11 3.801820 2.551360 0.385393 -0.008385 0.003136 -0.002035
12 4.086700 2.309650 0.492564 -0.008019 0.002336 -0.005752
13 3.803080 2.685360 0.412437 -0.008148 0.002790 -0.001459
14 0.657637 -0.255112 -1.044260 -0.005556 -0.000000 -0.005041
15 3.764120 1.992350 1.244990 -0.004160 0.000339 -0.004799
16 3.830590 2.088330 1.237530 -0.005319 -0.000661 -0.004953
17 3.746960 2.148020 1.253950 -0.005338 -0.000296 -0.005473
18 3.963210 2.688400 1.116480 -0.005731 -0.000187 -0.003610
19 2.883000 2.964260 1.041940 -0.006393 -0.000267 0.002336
20 3.548950 2.486410 1.337280 -0.004384 -0.000002 -0.001811
21 0.670725 0.321901 -1.248160 -0.008146 0.000603 -0.004773
22 3.755540 2.675210 1.099250 -0.006720 0.000391 -0.001352
23 3.891280 2.567720 1.020720 -0.007923 -0.000613 -0.002253
24 3.840700 2.656770 1.101800 -0.006258 0.000762 -0.004838
25 3.799770 2.590270 0.987091 -0.007915 -0.000034 -0.002125
26 3.843000 2.897620 1.134480 -0.007306 -0.000431 -0.000374
27 3.276580 2.776350 1.020770 -0.007311 0.000202 -0.002590
28 0.113315 0.899238 -1.293950 -0.014741 -0.004455 -0.004205
29 2.817030 3.259890 0.925664 -0.012279 -0.003313 -0.002017
30 3.096790 3.101270 1.054200 -0.012462 -0.004275 -0.002881
31 2.931790 3.369470 0.976074 -0.012917 -0.004102 0.000248
32 3.066120 3.199860 1.015820 -0.012255 -0.003961 -0.000782
33 3.272680 2.847310 0.943455 -0.013116 -0.004265 -0.004018
34 3.338800 2.903930 0.969398 -0.013065 -0.004077 -0.003878
35 3.230770 2.893070 1.016510 -0.012594 -0.004008 -0.003703
