0 -0.259823 0.129172 -0.139408 0.001006 -0.000000 0.001856
1 3.708940 2.268690 2.040400 0.001432 0.000164 -0.000765
2 3.668020 2.312950 2.083080 0.001318 0.000211 -0.000894
3 3.379580 2.181130 2.275850 0.002061 0.000064 -0.001268
4 3.166590 2.355250 2.020320 0.001819 0.000781 0.000213
5 3.738600 2.166340 2.278620 0.002065 -0.000061 -0.001902
6 3.803190 1.707270 2.187200 0.001075 -0.000055 -0.006139
7 0.018827 0.000043 -0.032369 0.000000 0.000253 0.000000
8 3.464600 2.022350 1.928820 -0.000119 0.000833 -0.002311
9 3.586450 2.100150 1.958490 -0.000645 0.000175 -0.000940
10 3.832090 2.021260 2.046980 -0.000303 0.000384 -0.002898
11 2.803080 2.132640 1.943030 -0.000235 0.000444 -0.000000
12 3.617710 2.002530 1.968400 -0.000145 0.000608 -0.002307
13 3.594410 2.049030 2.034740 0.000033 -0.000163 -0.002890
14 0.220023 0.220116 -0.484910 -0.002917 0.001608 -0.000000
15 4.007560 2.462930 1.700090 -0.001644 0.002276 -0.002070
16 3.936950 2.378210 1.760910 -0.001763 0.001478 -0.003442
17 2.583600 3.503640 1.791960 -0.002384 0.001134 0.005287
18 2.686330 3.637860 1.743110 -0.001761 0.001902 0.005679
19 3.698650 2.162790 1.666430 -0.002449 0.001816 -0.003606
20 2.768800 2.855820 1.616880 -0.002777 0.001652 0.001376
21 -0.088589 0.438566 -0.085563 -0.001519 -0.000000 0.000000
22 2.249170 3.952070 2.135200 -0.001616 -0.000408 0.005513
23 2.415910 3.651140 1.998010 -0.001921 0.000079 0.004748
24 2.474070 3.443630 1.931200 -0.001350 0.000338 0.003849
25 3.327320 3.396740 1.984980 -0.001831 0.000235 0.002988
26 3.453340 2.565450 2.176720 -0.001442 -0.000393 -0.001488
27 3.318550 3.345530 2.035030 -0.001752 0.000225 0.002869
28 0.295489 0.110818 -0.536859 -0.002252 0.001699 -0.001367
29 2.824230 3.656200 1.671030 -0.001303 0.001658 0.004832
30 2.909900 3.319830 1.559370 -0.002443 0.001784 0.003458
31 3.743260 2.293550 1.563520 -0.002786 0.001706 -0.001733
32 2.736900 3.243470 1.572870 -0.002627 0.001036 0.003085
33 3.616020 2.505190 1.491500 -0.001901 0.001997 -0.001447
34 3.729690 2.537070 1.562120 -0.002758 0.001833 -0.001809
35 3.576370 2.316210 1.650180 -0.001813 0.001640 -0.002306
