0 0.000000 -0.012533 0.021753 0.000167 -0.000000 0.000000
1 3.523790 1.933300 2.105670 0.000320 -0.000108 -0.002548
2 2.771240 2.199390 2.098190 -0.000080 0.000062 0.000282
3 3.596020 1.941740 2.119100 0.000685 0.000019 -0.002579
4 3.319710 2.089500 2.311170 0.000650 -0.000896 -0.000596
5 3.542120 2.203540 2.150950 -0.000115 -0.000178 -0.000937
6 3.586490 1.822010 2.248330 0.000516 -0.000961 -0.003595
7 0.319005 -0.221270 0.167730 -0.000810 -0.000027 -0.002320
8 2.841430 2.943460 2.278080 -0.000778 -0.000287 0.001947
9 2.476080 3.398270 2.071550 -0.001546 -0.000246 0.003769
10 3.078740 2.770320 2.060400 -0.001748 0.000305 0.001689
11 3.579050 2.712920 2.185200 -0.001198 -0.000290 0.000473
12 3.478130 2.587680 2.180780 -0.001438 0.000074 -0.000385
13 3.915670 2.282670 2.146030 -0.001138 0.000206 -0.003108
14 0.251258 0.182929 -0.228701 -0.003682 0.000660 -0.000802
15 3.535510 3.433660 1.840540 -0.003056 0.001066 0.004147
16 3.552430 2.547100 1.895950 -0.002980 0.000775 -0.000907
17 3.393690 3.271090 1.879150 -0.003002 0.001073 0.002755
18 3.006230 3.462040 1.814530 -0.003524 0.000808 0.003713
19 4.129710 2.091320 1.742130 -0.003103 0.000827 -0.008087
20 3.516330 2.819490 1.913120 -0.002873 0.000929 0.001618
21 0.240082 0.341905 -0.131689 -0.002407 0.001072 -0.001285
22 3.119010 3.390510 1.905830 -0.002652 0.000660 0.002642
23 2.722820 3.301870 1.944770 -0.002648 0.000575 0.002454
24 4.176340 2.534900 1.894140 -0.003054 0.000770 -0.006295
25 3.417200 2.730180 1.963600 -0.002085 0.001101 -0.002196
26 4.158830 1.991200 1.933410 -0.002342 0.000881 -0.007691
27 4.108050 2.300110 1.855000 -0.003093 0.001047 -0.007116
28 0.575488 -0.148516 -0.354151 -0.002978 0.001572 -0.003457
29 3.180050 3.130820 1.628630 -0.003024 0.001681 0.001412
30 3.324930 3.147670 1.759090 -0.002647 0.001624 0.002148
31 4.082260 2.097810 1.722730 -0.003226 0.001094 -0.005530
32 2.716290 2.781180 1.659280 -0.003517 0.001225 0.001288
33 3.920450 2.138740 1.738190 -0.002668 0.001601 -0.003789
34 3.968540 2.101000 1.759150 -0.002848 0.001073 -0.004248
35 3.193230 2.637640 1.650830 -0.002948 0.001881 -0.000873
