0 -0.429072 0.233609 0.275926 0.002995 -0.000320 0.003085
1 2.937980 2.611210 2.191340 0.002644 0.000004 0.003024
2 2.972200 2.611730 1.849700 0.001592 0.000548 0.004206
3 2.336790 3.181730 2.180120 0.002305 -0.000223 0.008867
4 3.246810 2.292080 2.157380 0.002665 0.000281 0.001328
5 2.204230 3.240380 2.147270 0.002008 -0.000201 0.007257
6 2.553730 2.869150 1.957620 0.002432 0.000949 0.006541
7 0.000000 0.000000 0.000000 0.000000 -0.000000 0.000000
8 2.860020 1.789290 1.999790 0.000950 0.000000 -0.000883
9 2.628600 1.988320 2.156440 0.001337 -0.001100 -0.000000
10 2.731810 1.974500 1.774490 -0.000283 0.001080 -0.000000
11 2.806340 1.923720 1.884230 -0.000196 0.000035 -0.000711
12 2.578070 2.017940 2.042130 0.001586 0.000253 0.000182
13 2.734280 1.917980 1.927460 0.000181 0.000292 -0.000564
14 -0.055065 -0.333723 0.524109 0.003051 -0.000000 0.000000
15 3.645420 1.903530 2.071040 0.000810 0.000543 -0.001709
16 3.846500 1.574740 2.362330 0.001966 -0.000386 -0.002087
17 3.504930 1.807990 2.459870 0.003501 0.000052 0.001328
18 3.716200 1.577900 2.484470 0.003416 -0.000118 -0.003446
19 3.781620 1.567880 2.300010 0.001875 -0.000072 -0.002102
20 3.878180 1.655900 2.475430 0.003398 -0.000103 -0.001903
21 -0.294614 0.121817 0.902578 0.003510 -0.001202 0.001071
22 3.599920 2.216000 2.120470 0.001461 0.000727 -0.001143
23 3.409660 2.089510 2.408570 0.000902 -0.001292 -0.003066
24 3.466110 2.178730 2.732660 0.003246 -0.001229 -0.000264
25 3.428220 2.152340 2.057990 0.000190 -0.001396 -0.001015
26 3.174130 2.149120 2.313750 0.002068 -0.001800 -0.000614
27 3.545580 1.968810 2.054010 0.001681 -0.000539 -0.002375
28 -0.475085 0.162762 0.487502 -0.001295 -0.003586 0.001117
29 2.113070 3.068620 2.470050 -0.001120 -0.003269 0.006073
30 2.701000 2.507630 2.154550 -0.001440 -0.002161 0.001600
31 2.651790 2.587990 2.404000 -0.001447 -0.003158 0.003287
32 2.521940 2.402590 2.542490 -0.000877 -0.003473 0.002384
33 2.310300 2.792510 2.515280 -0.001332 -0.004043 0.004852
34 2.752270 2.598940 2.486470 -0.001734 -0.003942 0.002737
35 3.243690 1.932460 2.575870 0.000323 -0.003301 -0.001240
