0 0.000000 0.000000 0.000000 0.000000 -0.000000 0.000000
1 2.603110 1.930210 2.051030 0.001143 -0.000210 -0.000000
2 2.863290 1.897860 1.980480 0.000088 -0.000514 -0.000570
3 2.694260 1.946110 1.847500 0.000179 0.000371 -0.000365
4 3.140150 1.999440 1.914080 -0.000674 -0.000270 0.000024
5 2.821590 1.886290 2.031380 0.000443 -0.000303 -0.000457
6 2.749960 1.998930 1.899210 -0.000725 -0.000113 -0.000132
7 0.350213 -0.091373 -0.306891 -0.002504 0.001034 -0.001932
8 3.102710 2.404700 1.590800 -0.003197 0.000939 0.000679
9 3.956150 2.104450 1.637360 -0.002951 0.000798 -0.002021
10 3.341770 2.322650 1.514470 -0.003679 0.001243 0.000476
11 2.977070 2.816760 1.606660 -0.003087 0.000943 0.003561
12 2.960650 2.687750 1.675660 -0.002735 0.000809 0.002635
13 3.914530 1.925750 1.492040 -0.003403 0.001686 -0.002692
14 0.232190 -0.374620 0.266848 0.000893 0.000939 -0.000994
15 3.366580 2.389430 1.327110 0.001574 0.004567 0.002305
16 3.593340 1.935600 2.107770 0.000094 0.000897 -0.000097
17 2.968020 2.558050 2.186620 -0.000605 -0.001087 0.003380
18 3.231640 2.463050 2.069350 -0.000348 0.000534 0.002020
19 3.848740 1.958740 1.757670 -0.000536 0.000941 -0.001364
20 3.008980 2.247260 2.229530 0.000405 0.000358 0.001299
21 -0.111048 0.055129 0.801997 0.001905 -0.001155 -0.000020
22 3.386350 2.221120 2.036700 -0.000177 0.000104 -0.000139
23 3.592110 2.009670 2.286910 -0.000413 -0.001939 -0.002298
24 3.164650 2.137070 2.480600 -0.000273 -0.002639 -0.000744
25 3.104680 2.456120 1.952910 -0.001558 -0.001949 0.001206
26 2.964740 2.501810 2.420570 -0.001119 -0.005656 0.001529
27 3.005350 2.240190 2.065250 -0.001551 -0.001675 -0.000038
28 -0.254452 0.028547 0.405645 -0.002142 -0.002847 -0.000000
29 2.105600 2.904700 2.091440 -0.004217 -0.002872 0.004654
30 2.455190 2.663790 2.394960 -0.001917 -0.002575 0.003083
31 2.632130 3.037520 2.314390 -0.002027 -0.002509 0.005546
32 2.521800 2.411080 2.321490 -0.001931 -0.002737 0.002479
33 2.273550 2.862860 2.335100 -0.002384 -0.003232 0.004857
34 2.470040 2.680870 2.355450 -0.001863 -0.003078 0.003577
35 2.516780 2.916090 2.253800 -0.000829 -0.001892 0.005280
