0 -0.039470 0.236244 -0.177108 0.000547 0.000855 0.001198
1 3.550140 1.610990 1.520430 0.000889 0.001219 -0.003424
2 3.724530 1.949580 1.216670 0.000269 0.002124 -0.001799
3 3.553100 1.957230 1.626060 0.000839 0.000654 -0.001339
4 3.759520 2.035550 1.347940 -0.000590 0.001699 -0.001268
5 3.600150 1.791920 1.604080 0.001012 0.000889 -0.003175
6 3.667920 1.850000 1.413400 0.000627 0.001100 -0.003130
7 0.000000 0.012457 -0.024327 -0.000197 -0.000000 0.000000
8 3.274110 1.933160 1.708940 0.000643 -0.000145 -0.000671
9 3.351020 1.925750 1.711930 0.001034 0.000423 -0.001232
10 3.353870 1.963640 1.456410 0.000019 0.001388 -0.000496
11 2.882580 1.997310 1.571020 0.000521 0.000730 -0.000235
12 3.282550 1.935600 1.660180 0.000215 -0.000523 -0.000841
13 2.766440 1.951590 1.645410 0.001011 -0.000337 -0.000681
14 0.066829 0.220608 -0.428547 -0.002733 0.000272 -0.000000
15 3.633770 1.837620 1.144190 -0.001899 0.000974 -0.002619
16 3.840880 1.381280 1.117140 -0.002174 0.001839 -0.006273
17 3.701480 1.865210 1.178850 -0.002141 0.000817 -0.002621
18 3.703660 1.868750 1.283320 -0.002095 0.000954 -0.003127
19 3.556980 2.058380 1.264780 -0.002339 0.000322 -0.001293
20 3.872470 1.111040 1.063760 -0.002311 0.000537 -0.008960
21 0.028274 0.270276 -0.366110 -0.002252 -0.000000 0.000585
22 3.404700 2.260500 1.301530 -0.002640 0.000459 -0.000001
23 3.609460 2.193600 1.273560 -0.001978 0.001058 -0.000429
24 3.662320 1.970900 1.381060 -0.002034 0.000585 -0.002930
25 3.529840 2.214270 1.085620 -0.002517 0.002190 -0.001973
26 3.736790 2.216150 1.144430 -0.002732 0.001088 -0.001275
27 3.520180 2.336060 1.388340 -0.002092 0.000085 -0.000590
28 0.141520 0.150864 -0.532769 -0.002256 0.000933 -0.000000
29 3.540210 1.998250 1.211320 -0.001974 0.001357 -0.001351
30 3.548210 2.134850 1.191460 -0.002204 0.001783 -0.001358
31 3.521860 2.195680 1.086680 -0.002304 0.001159 -0.000223
32 3.387790 2.172730 1.025040 -0.002691 0.001872 -0.000465
33 3.749850 1.931040 1.276370 -0.001966 0.000839 -0.003071
34 3.623790 2.256540 1.212160 -0.002922 0.000945 0.000202
35 3.460130 2.111770 1.139690 -0.002681 0.001450 -0.001341
