0 0.000000 -0.009499 0.018455 0.000149 -0.000000 0.000000
1 3.519470 1.953020 1.721310 0.001170 0.000390 -0.000507
2 3.472110 2.030050 1.270180 -0.000790 0.001432 0.000135
3 2.881960 1.926580 1.635430 0.000976 0.000903 -0.000319
4 2.783070 1.970790 1.563270 0.001134 0.001284 -0.000676
5 2.779760 1.925200 1.776900 0.001206 0.000103 -0.000533
6 3.457110 1.805090 1.629460 0.000548 0.000563 -0.000948
7 0.050958 -0.236399 0.176900 -0.000497 -0.000782 -0.001215
8 3.606450 1.580210 1.686070 -0.000960 -0.000122 -0.003956
9 3.412390 1.925180 1.730190 -0.001305 -0.000678 -0.001625
10 3.308410 1.950520 1.735960 -0.001082 -0.000886 -0.001783
11 3.375340 1.778170 1.687260 -0.000280 -0.000138 -0.002720
12 3.423200 1.680350 1.630910 -0.001625 -0.000382 -0.003035
13 3.364040 1.925140 1.623000 -0.001127 -0.000045 -0.001554
14 -0.016594 0.046011 -0.172125 -0.003358 -0.001492 -0.000807
15 3.359870 2.085730 1.527000 -0.001762 -0.000408 -0.002136
16 3.432340 1.966280 1.540790 -0.002717 -0.000995 -0.003439
17 3.432840 2.075450 1.413340 -0.002945 -0.000653 -0.001583
18 3.508220 2.048880 1.153810 0.000571 0.002951 -0.001719
19 3.425590 2.128020 1.361880 -0.004000 -0.001273 -0.002131
20 3.620750 1.930850 1.037220 -0.000515 0.001444 -0.002724
21 0.162243 -0.072391 -0.256103 -0.002918 -0.000621 -0.001584
22 3.424050 1.905390 1.137330 -0.003979 0.000488 -0.002916
23 3.706790 2.083370 1.301870 -0.003919 -0.000385 -0.002165
24 3.972610 1.745140 1.247090 -0.003104 0.000414 -0.005268
25 3.907600 1.643000 1.047040 -0.004041 0.000576 -0.006436
26 3.867310 1.969550 1.309060 -0.002988 -0.000218 -0.003462
27 3.850060 1.735830 1.400650 -0.002991 0.000241 -0.004679
28 0.172688 -0.216503 -0.236897 -0.002431 -0.000614 -0.001551
29 3.760830 1.923450 1.361770 -0.002209 0.000484 -0.002612
30 3.557530 2.017300 1.285540 -0.003048 0.000454 -0.001374
31 3.679730 1.880310 1.402520 -0.002836 -0.000075 -0.001773
32 3.778980 1.429410 1.399890 -0.002699 -0.000067 -0.004934
33 3.499190 1.809920 1.317730 -0.003429 -0.000361 -0.001710
34 3.594530 1.731500 1.428480 -0.002141 0.000373 -0.003389
35 3.529050 1.892020 1.376880 -0.002273 0.000066 -0.002400
