0 0.306230 -0.068127 -0.652018 -0.002445 0.001069 -0.002039
1 3.746830 1.879730 1.459160 -0.001405 0.001215 -0.002018
2 3.509390 1.822180 1.315070 -0.002928 0.000831 -0.002219
3 3.678240 2.123470 1.350780 -0.002864 0.000682 -0.000368
4 3.944100 1.684680 1.319700 -0.003426 0.000831 -0.003483
5 3.713060 1.912340 1.453130 -0.002433 0.000192 -0.001862
6 3.953980 2.027720 1.290650 -0.003243 0.001142 -0.001307
7 0.000000 0.000000 0.000000 0.000000 -0.000000 0.000000
8 3.297500 1.806620 1.823390 -0.000951 -0.000199 -0.001628
9 2.766930 1.778760 1.874050 -0.000503 0.000164 -0.001228
10 3.358850 1.930790 1.718130 -0.000861 0.000276 -0.000451
11 3.656710 1.733880 1.871180 -0.000613 -0.000211 -0.002233
12 3.531600 1.782150 1.662110 -0.000503 0.001078 -0.001462
13 2.610750 1.995000 1.806660 -0.001027 0.000062 -0.000000
14 0.200791 0.109244 -0.233720 -0.000692 0.001181 -0.000000
15 3.601340 2.293630 1.525790 0.000000 0.001312 0.000817
16 3.724400 2.373310 1.684040 -0.001588 0.000649 0.001213
17 3.815610 2.025260 1.551790 -0.000797 0.001559 -0.002466
18 3.516410 2.163400 1.807440 -0.001184 -0.000086 -0.000032
19 3.626540 1.929640 1.641640 -0.001963 0.000516 -0.002611
20 3.759550 2.008200 1.695020 -0.001218 0.000967 -0.001395
21 -0.135559 0.029942 -0.039910 -0.000000 -0.000581 0.000557
22 3.245240 2.034660 1.872380 -0.001212 -0.000846 -0.001426
23 3.330920 2.050320 1.935580 -0.000659 -0.001173 0.000218
24 3.425540 2.017210 1.802910 -0.000721 -0.000040 -0.001155
25 3.585580 1.816590 1.791730 -0.001020 -0.000352 -0.002611
26 3.513320 1.722300 1.786980 0.000390 0.000557 -0.002719
27 3.627460 1.861120 1.758100 -0.000002 0.000106 -0.002245
28 -0.119370 0.102513 -0.416712 -0.000657 -0.000566 0.000000
29 3.537680 1.747220 1.626350 -0.000132 -0.000792 -0.003876
30 3.492720 1.977880 1.655310 -0.000586 -0.000808 -0.001858
31 3.244430 2.096980 1.785430 -0.000296 -0.001184 0.000079
32 3.020230 2.177980 1.686540 -0.000372 -0.000744 0.000867
33 3.539660 1.779870 1.581370 -0.000703 -0.000335 -0.003392
34 3.363830 1.799450 1.896120 0.000580 -0.001372 -0.003044
35 3.425090 1.869240 1.556160 -0.000793 -0.000260 -0.002259
