0 -0.036044 0.054599 -0.058790 -0.000308 0.000095 0.000351
1 3.333730 1.882310 2.001150 -0.000649 -0.000749 -0.000919
2 2.728040 1.903980 2.035940 -0.000411 -0.001642 -0.000183
3 2.676540 1.931800 1.814150 -0.000755 -0.000068 0.000065
4 2.851490 1.913720 1.786140 -0.001408 -0.000443 -0.000308
5 3.413150 1.877690 1.821500 -0.001494 -0.000670 -0.001375
6 2.759520 1.944750 1.700360 -0.001413 0.000259 -0.000394
7 -0.233259 0.060875 0.551726 0.001801 -0.000872 0.001543
8 3.625360 2.255610 2.533250 0.001636 -0.002103 -0.000611
9 3.514350 2.215450 2.434590 0.000995 -0.001730 -0.000740
10 3.461020 2.143770 2.428690 0.000994 -0.001585 -0.001461
11 3.693040 2.090710 2.413550 0.001019 -0.001648 -0.001354
12 3.774990 2.039780 2.362370 0.001647 -0.000630 -0.001889
13 3.325620 2.353670 2.545530 0.001461 -0.001857 0.000132
14 -0.239613 0.175508 0.499223 0.002220 -0.000000 0.002626
15 3.530730 2.028130 2.471690 0.002094 -0.000450 -0.001379
16 3.528430 2.026040 2.329270 0.001161 -0.000841 -0.001349
17 3.466480 2.315400 2.214770 0.000526 -0.000562 0.000097
18 3.465210 2.186750 2.474870 0.001761 -0.000657 -0.000149
19 3.458750 2.200180 2.232780 0.000251 -0.001875 0.000305
20 3.342530 2.164140 2.460300 0.001447 -0.001681 0.000082
21 -0.418845 0.116537 0.620696 0.002119 -0.001854 0.002328
22 2.897340 2.287840 2.639990 0.002190 -0.002653 0.001235
23 3.245180 2.284610 2.533780 0.001724 -0.002467 0.000782
24 3.413170 2.156290 2.568100 0.001549 -0.002496 -0.001029
25 3.546480 1.871860 2.259790 0.001606 -0.001446 -0.002525
26 3.485840 1.790530 2.552040 0.003443 -0.001446 -0.001883
27 3.371120 2.425720 2.552320 0.002015 -0.001768 0.001090
28 -0.367126 0.097509 0.201652 0.001764 -0.001374 0.001720
29 3.464230 1.796260 2.121150 0.000776 -0.001865 -0.004446
30 3.475610 1.908060 2.067610 0.000775 -0.001586 -0.003098
31 3.472600 1.808050 2.072290 0.000472 -0.001764 -0.002960
32 3.383550 1.894720 2.187810 0.001180 -0.002071 -0.002207
33 3.044260 2.074360 2.226940 0.001546 -0.002057 -0.000910
34 3.126490 2.071710 2.306190 0.001645 -0.002587 -0.000991
35 3.158550 2.064390 2.063560 0.000983 -0.001449 -0.000958
