0 -0.241192 0.361599 0.058777 -0.000000 -0.001317 0.003238
1 3.353590 2.813330 1.997810 -0.000266 -0.001359 0.003448
2 3.478700 2.524950 2.016120 0.000190 -0.000865 0.001976
3 3.662590 2.467030 2.021150 -0.000609 -0.001481 0.001954
4 3.812860 2.127490 1.950640 -0.000219 -0.000803 -0.001290
5 3.266660 2.477680 1.969350 -0.000218 -0.000992 0.001570
6 3.312030 2.560220 1.851920 -0.001499 -0.000804 0.001752
7 0.000000 0.000000 0.000000 0.000000 -0.000000 0.000000
8 3.642190 2.343980 1.864530 -0.000776 -0.000017 0.000453
9 3.446560 2.413370 1.959740 -0.000000 0.000019 0.001910
10 3.537430 2.173440 1.915550 -0.000656 0.000000 0.000112
11 3.632720 2.194310 1.909520 -0.000940 -0.000472 0.000000
12 3.674780 2.211310 2.017000 0.000143 -0.000186 0.000237
13 3.459570 2.297210 1.822970 -0.001592 -0.000355 -0.000109
14 -0.368198 0.290201 0.147841 -0.002043 -0.002033 0.001084
15 3.260750 2.689150 1.970310 -0.002393 -0.001360 0.001116
16 3.446190 2.824120 2.021590 -0.001072 -0.000813 0.002579
17 3.289680 2.569230 1.952250 -0.002044 -0.001053 0.000733
18 3.442130 2.390000 1.885540 -0.002046 -0.001012 -0.000105
19 3.406080 2.531640 1.976590 -0.000050 -0.002621 0.000412
20 3.421460 2.510560 1.887570 -0.002282 -0.001080 -0.000964
21 0.094045 0.283076 -0.592393 -0.002253 0.002495 -0.000000
22 3.804360 2.358860 1.342640 -0.002239 0.002506 -0.001850
23 3.688530 2.327730 1.279280 -0.002141 0.002997 -0.001447
24 3.632100 2.343590 1.220520 -0.002216 0.002438 -0.000541
25 3.548230 2.778600 1.383330 -0.001973 0.002654 0.002033
26 4.052740 2.205090 1.288130 -0.001723 0.003583 -0.002321
27 3.651630 2.431620 1.295280 -0.002567 0.002931 0.000051
28 0.207127 -0.104891 -0.738322 -0.002365 0.003614 -0.003221
29 3.609810 2.104920 1.107980 -0.002369 0.004900 -0.003942
30 3.519770 2.270420 1.070480 -0.003612 0.004021 -0.002949
31 3.527740 2.131300 1.310130 -0.001993 0.003676 -0.003205
32 3.681190 2.008270 0.948897 -0.003866 0.004579 -0.004201
33 3.050300 2.521080 1.128650 -0.003826 0.003257 -0.001294
34 3.753420 2.344360 1.280950 -0.002597 0.003356 -0.002651
35 4.060690 1.675930 0.926642 -0.003760 0.005076 -0.008056
