0 0.006762 -0.038872 0.035508 0.000147 -0.000271 -0.000208
1 3.551350 2.472120 2.075940 0.000730 -0.000212 0.001701
2 3.486610 2.094420 1.911260 -0.001126 -0.000561 -0.001198
3 3.629990 2.280870 1.976250 -0.001069 -0.001086 0.000545
4 3.811940 2.128600 1.796560 -0.001310 0.000128 -0.001165
5 3.369790 1.979670 2.091480 0.000507 -0.000544 -0.000863
6 3.542490 2.204870 1.926130 -0.000713 -0.000482 0.000073
7 0.188128 -0.278614 -0.064271 -0.000028 0.001217 -0.002818
8 3.675460 2.422600 1.767060 -0.001690 0.001175 -0.001399
9 3.582600 2.720440 1.700800 -0.001484 0.001844 0.000762
10 3.740340 2.647310 1.604960 -0.001960 0.002086 -0.001123
11 3.723130 2.868410 1.868790 -0.001268 0.000902 0.000358
12 3.784100 2.411290 1.746370 -0.001536 0.001058 -0.001912
13 3.440810 3.109150 1.804930 -0.001347 0.001464 0.001982
14 -0.057822 -0.059186 -0.032406 -0.001191 0.000749 -0.001590
15 3.757900 2.274580 1.733460 -0.002265 0.001057 -0.001475
16 3.877270 2.096630 1.739430 -0.002202 0.001191 -0.003892
17 3.453560 2.484430 1.752210 -0.000909 0.001598 -0.000590
18 3.561800 2.212490 1.751310 -0.002643 0.000786 -0.001162
19 3.394240 2.629210 1.759910 -0.002075 0.000479 0.000111
20 2.976710 2.910770 1.784570 -0.001328 0.001374 0.002229
21 0.283934 -0.035032 -0.669365 -0.001822 0.003939 -0.002811
22 3.924010 2.160740 1.385840 -0.002239 0.003472 -0.002405
23 3.962290 2.318640 1.224730 -0.003330 0.004311 -0.002275
24 3.917390 2.235120 1.267370 -0.003351 0.003793 -0.002772
25 3.570590 2.195020 1.453550 -0.001754 0.003228 -0.001827
26 4.090210 2.218520 1.293900 -0.003032 0.003423 -0.002388
27 3.956730 2.384730 1.208310 -0.002848 0.004545 -0.003156
28 0.502983 -0.525440 -0.855745 -0.000962 0.006180 -0.006047
29 3.454090 1.790990 0.962636 -0.002716 0.006062 -0.007465
30 3.417120 2.082400 1.060560 -0.002317 0.005627 -0.005371
31 3.413960 2.066090 1.016890 -0.002453 0.006121 -0.004533
32 3.606350 2.109450 0.909082 -0.002653 0.006866 -0.006262
33 3.275730 1.989170 1.055870 -0.002216 0.006095 -0.004650
34 3.680420 1.814690 1.016080 -0.003004 0.005781 -0.007341
35 4.118180 1.880880 0.835774 -0.002481 0.007466 -0.006064
