0 -0.245226 0.364823 -0.541247 -0.001447 -0.000227 0.002372
1 3.341900 2.214360 1.612880 -0.001373 -0.000381 0.002085
2 3.408070 2.597300 1.290740 -0.002994 0.000539 0.002903
3 3.194110 2.762680 1.445750 -0.003389 -0.000631 0.002951
4 3.303850 2.964620 1.345010 -0.003476 0.000120 0.004906
5 3.103550 3.349370 1.558340 -0.002644 -0.001029 0.008585
6 3.397970 2.736030 1.292130 -0.003786 0.000181 0.003371
7 0.000000 0.000000 0.000000 0.000000 -0.000000 0.000000
8 3.436640 1.817330 1.975240 0.000091 -0.000595 -0.001804
9 3.499510 2.067610 1.894520 0.000577 0.000698 0.000376
10 3.403270 2.004560 1.965440 -0.000501 -0.000505 0.000000
11 3.582540 2.030640 1.847200 -0.000109 0.000522 0.000113
12 3.527820 1.704000 1.911350 -0.000388 -0.000219 -0.003225
13 3.488720 1.850770 1.996130 0.001501 -0.000109 -0.001038
14 0.326779 -0.354116 0.050766 0.002457 0.002563 -0.001135
15 3.896820 1.388490 2.086750 0.002814 0.002459 -0.001067
16 4.051020 1.410980 2.248080 0.002653 0.001254 -0.003711
17 3.946370 1.962890 2.110150 0.002883 0.002476 -0.000850
18 3.974170 1.407530 2.168910 0.003685 0.002797 -0.001132
19 3.583340 1.546480 2.118810 0.002269 0.001619 -0.001306
20 3.788450 1.694990 2.237650 0.002949 0.001516 0.000060
21 0.485016 -0.556815 0.139241 0.001701 0.002253 -0.003366
22 3.244710 2.149530 2.427380 0.003429 -0.000807 0.001758
23 3.935570 1.885760 2.179020 0.001626 0.001512 -0.001509
24 3.491540 2.402200 2.216710 0.001476 0.001029 0.001482
25 3.785930 2.396720 2.191530 0.002395 0.001499 0.001804
26 4.068660 1.662060 2.238500 0.002412 0.001237 -0.001962
27 3.938570 2.132460 2.255660 0.002178 0.001282 -0.001111
28 0.411844 -0.280966 -0.079020 0.000000 0.002619 -0.002462
29 3.863850 1.795630 1.954870 0.000587 0.001992 -0.003389
30 3.791150 2.369860 2.016620 0.000875 0.001854 0.000925
31 3.954040 1.626260 1.860050 0.000673 0.002471 -0.002840
32 4.113050 1.319730 1.984290 0.000372 0.001728 -0.005322
33 3.932560 1.725640 1.850640 0.000329 0.002571 -0.001851
34 4.268610 1.114820 1.951560 0.000778 0.002139 -0.008432
35 4.253370 0.803809 2.125860 0.001749 0.000987 -0.009182
