0 0.000000 0.000000 0.000000 0.000000 -0.000000 0.000000
1 3.414670 1.905740 2.040630 0.001508 0.000169 -0.000352
2 3.543900 1.626420 2.018790 0.000850 0.000000 -0.003056
3 3.703550 1.469510 1.812800 -0.000842 0.000068 -0.003402
4 3.377360 1.873310 1.925050 -0.000188 0.000022 -0.002236
5 3.624950 1.743170 1.945840 -0.000797 -0.000741 -0.002985
6 3.454030 1.988310 1.843490 -0.000460 0.000253 -0.000787
7 0.249444 -0.334540 0.518627 0.001428 0.000278 -0.002310
8 3.844080 1.790510 2.511530 0.003009 -0.000332 -0.004136
9 3.944000 1.896050 2.330590 0.002690 -0.000284 -0.002359
10 3.554220 2.005040 2.503360 0.002060 0.000243 -0.002712
11 3.678370 1.710750 2.549000 0.002751 -0.000621 -0.004671
12 3.625560 1.800460 0.900825 0.000612 0.004018 -0.004054
13 3.755350 1.931390 2.420470 0.001602 0.000196 -0.003377
14 0.568444 -0.676877 0.512297 0.003057 0.002521 -0.003768
15 3.424340 1.330760 3.151240 0.007033 -0.002008 -0.002531
16 3.962870 1.072560 2.606990 0.003730 0.001132 -0.007398
17 3.986650 1.211860 2.753780 0.003834 -0.000711 -0.007285
18 4.535220 1.066540 2.509920 0.004179 0.002601 -0.008481
19 4.072150 1.483860 2.599310 0.003510 0.001605 -0.004960
20 4.305780 0.821893 2.681210 0.004409 0.001696 -0.009143
21 0.747516 -0.801131 0.534286 0.003114 0.003507 -0.005085
22 4.141120 1.619460 2.255890 0.005864 0.001895 -0.005168
23 4.246720 1.398100 2.707220 0.006557 0.002066 -0.006040
24 3.867010 1.860470 2.544090 0.004731 0.001299 -0.003374
25 3.387770 1.806520 2.884270 0.005060 -0.004134 -0.003430
26 3.269830 1.789130 3.015810 0.004113 -0.004373 -0.003886
27 3.969040 1.957370 2.763400 0.005678 -0.000244 -0.004402
28 0.697507 -0.603857 0.298473 0.001874 0.004433 -0.004340
29 4.127540 1.720460 2.150500 0.003636 0.003074 -0.004623
30 4.115930 1.023750 1.130810 0.004607 0.009093 -0.008791
31 4.131570 1.612490 1.727000 0.002554 0.003356 -0.004815
32 3.972360 1.051280 1.940740 0.003685 0.003220 -0.008366
33 3.873860 1.432280 1.560150 0.003536 0.003394 -0.005635
34 4.166620 1.212070 2.013650 0.004528 0.003153 -0.007148
35 4.069290 0.580976 1.864910 0.004961 0.004375 -0.009811
