0 0.311764 -0.378263 0.330259 0.006559 0.002763 0.000709
1 3.827230 2.283740 2.226000 0.005614 0.002537 0.001909
2 4.118860 1.958440 2.220460 0.005191 0.002662 -0.001090
3 4.055950 1.798100 2.228820 0.005019 0.002336 -0.002607
4 4.095430 1.587210 2.076600 0.004905 0.003018 -0.003561
5 4.179590 1.894540 2.156480 0.004618 0.002459 -0.002270
6 3.990240 1.814860 2.093600 0.004707 0.002512 -0.003056
7 0.000000 0.000000 0.000000 0.000000 -0.000000 0.000000
8 3.515090 2.035450 1.811400 -0.000692 0.000356 -0.000785
9 3.626560 1.977360 1.857320 -0.000497 0.000160 -0.001163
10 3.541440 1.961080 1.857660 -0.000452 -0.000108 -0.000506
11 3.562280 1.968150 1.943960 -0.000860 -0.000724 -0.001786
12 3.556150 1.857560 1.938240 -0.000204 -0.000071 -0.002115
13 3.493710 1.987950 1.846750 -0.000693 -0.000040 -0.001766
14 0.039798 -0.601116 0.816115 0.001351 -0.005518 -0.003651
15 3.812820 1.770860 2.626160 0.001741 -0.004041 -0.002264
16 3.408540 2.090110 2.585990 0.000562 -0.004841 -0.001030
17 3.712540 1.695430 2.515290 0.000671 -0.004308 -0.003697
18 3.796030 1.389870 2.552770 0.000487 -0.004664 -0.005250
19 3.578080 1.435730 2.551740 0.000360 -0.004559 -0.004146
20 3.857620 1.608400 2.558750 0.001552 -0.004029 -0.003060
21 0.609652 -1.638580 1.222260 0.002776 -0.006497 -0.011173
22 3.380420 2.189360 3.011070 0.002580 -0.005504 -0.002884
23 3.267930 1.545420 3.142280 0.003454 -0.005518 -0.004986
24 3.263940 1.854430 3.034210 0.001815 -0.006234 -0.004219
25 3.689660 1.228740 3.015910 0.002062 -0.006000 -0.007593
26 3.318610 1.675740 2.964100 0.001336 -0.006256 -0.005237
27 3.353900 1.906180 3.089840 0.002956 -0.005794 -0.004602
28 1.138140 -2.038090 0.694216 0.005897 -0.000860 -0.012005
29 3.929540 1.315420 2.103550 0.005580 0.002801 -0.005750
30 3.931440 1.691530 1.508860 0.005547 0.006927 -0.003606
31 4.920530 0.242752 1.015590 0.004425 0.008702 -0.012004
32 4.018680 1.361010 2.393120 0.005829 0.001518 -0.004489
33 3.822450 0.886798 2.147120 0.006902 0.004328 -0.007602
34 4.420370 0.856897 2.319380 0.005027 0.001494 -0.008192
35 3.928130 1.454550 2.309330 0.004144 0.000193 -0.004927
