0 0.000000 -0.005957 0.010786 0.000083 -0.000000 0.000000
1 3.521840 2.035610 1.911210 0.000602 0.000299 -0.000694
2 3.742230 1.829860 1.854530 -0.000575 -0.000000 -0.002528
3 3.711830 2.049210 1.775630 -0.000794 0.000294 -0.001291
4 3.702740 1.894300 1.831990 -0.000862 -0.000062 -0.002361
5 3.507920 2.072980 1.851210 -0.000475 -0.000239 -0.000756
6 3.677660 1.956640 1.775250 -0.001109 -0.000033 -0.001326
7 -0.296566 0.365795 -0.299126 -0.006374 -0.002742 -0.000816
8 3.182000 2.600930 1.370020 -0.006321 -0.001310 -0.001027
9 3.775380 2.056620 1.474390 -0.007077 -0.002264 -0.004414
10 3.511050 1.990380 1.539530 -0.006323 -0.002002 -0.004655
11 3.599230 2.548510 1.612940 -0.006521 -0.002370 -0.000895
12 3.714970 2.006110 1.446740 -0.007269 -0.002117 -0.004923
13 3.226350 2.620390 1.361250 -0.006346 -0.002625 -0.001194
14 -0.294219 -0.125803 0.412896 -0.005442 -0.007878 -0.003821
15 2.880940 2.719410 2.175720 -0.004375 -0.006035 0.000567
16 3.885650 1.571540 2.203290 -0.005528 -0.006649 -0.008503
17 3.903620 1.439710 2.169470 -0.004031 -0.005877 -0.008946
18 3.951830 1.757310 2.127000 -0.005044 -0.006193 -0.005903
19 2.925600 2.888100 2.131660 -0.005749 -0.006641 0.001287
20 3.077500 2.495630 2.115960 -0.005627 -0.006681 -0.001146
21 0.424308 -1.289120 0.723923 -0.004565 -0.008847 -0.012361
22 3.142760 1.793730 2.346860 -0.004353 -0.006653 -0.007314
23 3.263190 1.802740 2.397100 -0.004826 -0.007357 -0.007626
24 3.072810 1.771540 2.616020 -0.003320 -0.007703 -0.007516
25 3.580260 1.540880 2.284000 -0.004823 -0.006666 -0.008574
26 3.168300 2.215580 2.451050 -0.003585 -0.006705 -0.004863
27 3.527130 1.170760 2.320430 -0.001946 -0.004770 -0.010056
28 0.931422 -1.715570 0.327243 -0.000756 -0.003470 -0.013374
29 3.950970 1.369660 1.857900 -0.000436 0.000082 -0.008833
30 4.197880 0.982393 1.154520 0.001410 0.005606 -0.010705
31 3.497760 1.597930 2.181980 -0.000136 -0.002180 -0.007596
32 4.406770 0.779439 0.929736 0.001137 0.006714 -0.011608
33 4.581550 0.713420 1.653390 0.000364 0.001704 -0.011482
34 3.733290 1.391110 1.906750 0.000408 0.000004 -0.008130
35 4.137620 0.995835 1.943170 -0.001898 -0.002005 -0.010720
