0 -0.339990 0.196179 0.135435 0.000530 -0.002087 0.001272
1 3.215750 2.297730 2.188370 0.000996 -0.002406 0.000937
2 3.260650 1.982690 2.175740 0.001323 -0.001939 -0.001081
3 3.095540 2.603090 1.975960 0.000197 -0.001323 0.002350
4 3.297370 1.974010 1.941460 -0.000320 -0.001383 -0.001371
5 2.975570 2.249570 2.026980 -0.000431 -0.002131 0.000593
6 3.234570 2.716780 1.868220 -0.000860 -0.001335 0.002336
7 0.000000 0.000000 0.000000 0.000000 -0.000000 0.000000
8 3.435740 2.026950 1.863890 -0.000063 0.000000 0.000000
9 3.441830 1.847140 2.058770 -0.000032 -0.000728 -0.001549
10 3.521950 1.909850 1.872080 0.000278 0.000617 -0.001066
11 3.374640 2.036110 1.822600 -0.000146 0.000524 -0.000310
12 3.408810 1.776810 1.915840 0.000516 0.000250 -0.001669
13 3.562350 1.850530 1.812740 0.000443 0.001271 -0.001725
14 0.199352 0.288968 -0.734482 -0.003895 0.002702 -0.000000
15 3.829550 1.932010 1.332930 -0.003517 0.002263 -0.003027
16 3.608160 2.234170 1.268860 -0.003325 0.003081 -0.000421
17 3.613330 2.157990 1.327930 -0.003622 0.002662 -0.000296
18 3.569090 2.910150 1.305830 -0.003671 0.002496 0.002574
19 3.662190 2.497740 1.199580 -0.003156 0.003020 0.000224
20 3.620190 2.041940 1.347570 -0.002232 0.002726 -0.000736
21 -0.118214 0.341722 0.122181 0.002222 0.002092 0.003364
22 3.524860 2.114740 2.097420 0.002108 0.001670 -0.000003
23 3.510720 2.342510 2.120320 0.002415 0.001275 0.000765
24 3.708900 2.547750 1.987900 0.001622 0.001758 0.001759
25 3.531980 2.187830 1.987120 0.001915 0.002569 0.000572
26 3.730020 1.962270 1.996740 0.001948 0.002335 -0.001596
27 0.516062 -0.590561 -0.347829 -0.000951 0.004232 -0.004802
28 3.823330 1.500720 1.642850 -0.000196 0.003854 -0.004873
29 3.477530 2.109770 1.663140 0.000093 0.004088 -0.001157
30 3.013040 1.883150 1.521110 -0.000011 0.004694 -0.002007
31 3.425350 2.100760 1.650280 0.000491 0.003291 -0.000290
32 3.274140 1.367640 2.154910 0.003996 0.002144 -0.003758
33 3.173050 2.093720 1.733760 0.001993 0.002962 0.000375
34 2.791000 2.325440 1.669080 0.000025 0.003739 0.000010
