0 0.000000 0.000000 0.000000 0.000000 -0.000000 0.000000
1 3.197810 1.929570 2.085460 0.001393 -0.000000 0.000000
2 3.323650 1.945840 1.939350 -0.000000 -0.000664 0.000099
3 3.460490 1.931200 1.711280 -0.000903 0.000701 -0.001343
4 3.248710 1.963590 1.805530 -0.001155 -0.000049 -0.000517
5 3.224510 2.012700 1.960580 -0.000280 -0.000239 -0.000457
6 3.460370 1.844320 1.931000 -0.001019 -0.000887 -0.001680
7 0.234709 -0.101432 -0.024039 -0.000236 0.001686 -0.000535
8 3.587610 2.282590 1.946300 -0.000735 0.001477 0.001768
9 3.567770 2.531390 2.036720 -0.000505 0.001289 0.001374
10 3.697500 2.096500 1.889280 -0.000421 0.001978 -0.001091
11 3.835690 1.915250 1.905430 -0.000458 0.001969 -0.002087
12 3.749550 1.916850 1.863960 -0.000528 0.002212 -0.002813
13 3.610520 1.963160 1.967100 -0.000608 0.001677 -0.002537
14 0.356329 0.130552 -0.573440 -0.003134 0.003617 -0.000545
15 3.816740 2.133950 1.537560 -0.002950 0.002531 -0.001381
16 3.825640 2.029580 1.322560 -0.002940 0.003324 -0.002189
17 3.742470 2.355060 1.669100 -0.001778 0.002681 0.000132
18 3.617440 2.718950 1.484670 -0.002912 0.003180 0.002441
19 3.587440 2.563350 1.423060 -0.002518 0.003378 0.001430
20 3.790650 2.111590 1.505640 -0.002364 0.003314 0.001169
21 -0.131798 0.453359 0.103630 0.001710 0.003072 0.004019
22 3.331320 2.421300 1.896720 0.001053 0.003613 0.001736
23 3.526920 2.590550 2.035310 0.001450 0.002965 0.002037
24 3.629720 2.109410 2.055010 0.001269 0.002697 -0.001571
25 3.602960 2.293430 2.162080 0.001966 0.002483 0.000604
26 3.791310 2.113930 2.030460 0.001225 0.002731 -0.001519
27 3.586470 2.085590 2.021540 0.001883 0.003132 -0.001067
28 0.796541 -0.692504 -0.588949 -0.001290 0.007079 -0.005569
29 3.666900 1.960440 1.419110 0.001348 0.004728 -0.001886
30 2.812890 1.786970 1.833660 0.001363 0.000823 -0.003545
31 3.589980 1.855090 1.064390 -0.000827 0.007078 -0.002826
32 2.937870 1.893170 1.471090 0.001045 0.001694 -0.002458
33 3.016730 1.953180 1.745350 0.002256 0.003658 -0.001962
34 2.793490 2.014660 1.556190 0.000576 0.001691 -0.001944
35 2.962470 2.156960 1.627220 0.000425 0.002701 -0.000463
