0 -0.272131 0.250737 -0.014205 -0.000000 -0.001252 0.001128
1 2.501940 2.642630 1.826180 -0.001140 -0.000847 0.002531
2 2.490610 2.968220 1.774430 -0.001041 -0.000948 0.004729
3 2.502150 2.598200 1.790200 -0.001415 -0.001014 0.002643
4 2.482300 2.627530 1.810640 -0.001057 -0.001008 0.002942
5 3.501610 2.412910 1.845230 -0.001110 -0.001120 0.000475
6 3.249480 2.155730 1.776970 -0.001477 -0.000928 -0.000674
7 0.000000 0.000000 0.000000 0.000000 -0.000000 0.000000
8 2.419100 2.293460 1.863390 -0.000628 -0.000443 0.001793
9 2.526760 2.278130 1.848040 -0.000460 -0.000063 0.001327
10 2.533820 2.152010 1.723710 -0.001178 0.000146 0.001038
11 2.545870 2.089210 1.724220 -0.000648 0.001057 0.000593
12 2.643380 2.094740 1.927740 0.000180 0.000121 -0.000000
13 2.650110 1.972250 1.961420 0.001300 0.000536 -0.000712
14 0.697430 -0.610092 -0.103026 0.002900 0.003121 -0.003478
15 3.309300 2.131830 1.503290 0.001242 0.004068 0.000233
16 3.471360 1.891260 1.690140 0.001709 0.003389 -0.001109
17 3.105130 2.148940 1.692340 0.002178 0.003547 0.000254
18 3.146760 2.324310 1.608240 0.001394 0.003518 0.000570
19 3.358440 2.054870 1.448650 0.001082 0.004347 -0.000006
20 3.158610 1.950890 1.720810 0.001931 0.003352 -0.000037
21 1.554820 -0.836741 -0.759400 0.007416 0.014132 -0.003280
22 3.439190 1.666410 1.331270 0.006984 0.011978 -0.001232
23 3.799150 1.996010 1.294880 0.006806 0.012192 0.000137
24 3.650900 1.821900 2.489090 0.012921 0.005621 -0.000568
25 4.036470 1.567890 0.958178 0.004379 0.011983 -0.003438
26 4.048450 2.046130 1.286650 0.007353 0.012138 0.001224
27 3.985490 2.070140 1.207090 0.007256 0.013661 0.000610
28 1.730110 -0.853954 -1.127750 0.009352 0.019124 -0.002378
29 4.020120 1.915800 0.682265 0.007442 0.017349 -0.000088
30 5.154150 0.974390 0.715110 0.007308 0.016816 -0.005973
31 3.954900 1.461490 0.966379 0.009012 0.016505 -0.002407
32 4.052250 1.696000 0.741347 0.005615 0.015252 -0.001747
33 3.816810 1.572320 1.087420 0.006572 0.010779 -0.001445
34 3.985520 1.939280 0.796999 0.004600 0.011586 -0.000922
