0 0.027104 -0.020292 -0.044568 -0.000481 -0.000125 -0.000334
1 2.528030 2.129110 1.777730 -0.001300 0.000135 0.000648
2 2.670250 2.008940 1.728460 -0.000375 0.000533 -0.000334
3 2.606470 2.059430 1.741780 -0.000936 0.000102 0.000171
4 2.749370 2.111480 1.633420 -0.001229 0.000712 0.000573
5 2.497150 2.177270 1.745920 -0.000658 0.000045 0.000786
6 2.543190 2.119320 1.607950 -0.002039 -0.000090 0.000411
7 0.454709 -0.379321 -0.110113 -0.000576 0.001558 -0.002409
8 2.877100 2.318450 1.802780 -0.000877 0.001016 0.000445
9 3.034960 2.422530 1.678800 -0.000974 0.001229 0.000706
10 2.936880 2.422560 1.424470 -0.002796 0.001540 0.001053
11 3.057290 2.547170 1.426340 -0.000773 0.002586 0.001509
12 3.062410 2.385980 1.475470 -0.000674 0.001890 0.000720
13 3.054470 2.319700 1.713860 -0.000609 0.002078 0.000289
14 0.902822 -0.830311 -0.012179 0.002846 0.003786 -0.004638
15 3.368960 2.089310 1.704580 0.001298 0.003449 -0.000708
16 3.444970 1.934280 1.640280 0.000803 0.003516 -0.001218
17 2.829410 2.199300 1.594490 0.000906 0.004209 -0.000191
18 3.301380 2.066870 1.704620 0.001644 0.003951 -0.000690
19 3.429390 1.600740 1.529990 0.001741 0.005092 -0.003054
20 3.578060 1.907080 1.801250 0.001912 0.004083 -0.001115
21 1.872800 -1.068540 -0.882801 0.006676 0.015570 -0.004940
22 3.562300 1.581960 1.496950 0.006709 0.008802 -0.002728
23 3.745060 1.547770 1.688080 0.008103 0.007366 -0.002807
24 3.422040 1.942400 1.707750 0.011041 0.008191 0.000193
25 3.904890 1.428850 1.241810 0.007955 0.009007 -0.003881
26 3.871170 1.824570 1.723430 0.008567 0.010722 -0.000471
27 3.809550 1.763280 1.751870 0.009587 0.007187 -0.001425
28 2.071700 -1.156240 -1.121850 0.009794 0.020765 -0.004027
29 4.278710 1.458570 0.726466 0.008607 0.019219 -0.003058
30 4.096590 2.065160 0.863881 0.008026 0.018228 0.001045
31 4.365000 1.241900 0.637416 0.009790 0.019686 -0.002508
32 3.863890 1.512420 1.067540 0.009423 0.014961 -0.001298
33 4.224030 1.294400 0.635765 0.006608 0.017741 -0.003258
34 4.234800 1.408950 0.823526 0.008295 0.014406 -0.002246
35 3.708750 1.681040 1.118940 0.006680 0.011064 -0.001088
