0 -0.162925 0.718729 0.553322 -0.001846 0.000949 0.002320
1 3.675140 2.541140 0.535402 -0.001814 -0.000088 -0.003510
2 3.740460 1.914500 0.502753 -0.001304 0.000311 -0.007081
3 3.738450 1.628030 0.353380 -0.001821 0.000471 -0.006542
4 3.677700 2.443230 0.500786 -0.001636 -0.000327 -0.002291
5 3.724840 2.155250 0.519734 -0.001267 0.000089 -0.004511
6 3.774460 1.667250 0.388186 -0.001679 0.000263 -0.007066
7 0.000000 0.000000 0.000000 0.000000 -0.000000 0.000000
8 3.450140 1.958270 1.838840 0.001740 -0.000352 -0.001985
9 3.452930 1.881060 2.123710 0.003113 -0.001288 -0.002260
10 3.288450 2.193880 1.995740 0.002071 -0.002075 -0.000000
11 3.383630 2.034870 2.006010 0.002083 -0.001688 -0.000000
12 3.316040 2.271800 1.817930 0.000553 -0.001520 -0.000409
13 3.495980 2.270130 1.848160 0.000065 -0.002060 -0.002361
14 -0.062973 0.765782 -1.194100 -0.016200 -0.003476 -0.000000
15 3.259970 2.605180 0.639309 -0.006973 -0.004925 -0.000504
16 3.384230 2.629960 -0.375255 -0.010143 -0.003632 -0.000993
17 3.741670 2.483020 0.424107 -0.007272 -0.004282 -0.004979
18 3.344330 2.298140 1.098640 -0.004752 -0.005736 -0.001707
19 3.761290 2.526710 -0.713512 -0.011124 -0.002326 -0.003703
20 3.459610 2.411690 0.999250 -0.006935 -0.006993 -0.001133
21 0.057480 0.386831 -1.746390 -0.016399 -0.004625 -0.001007
22 3.444480 2.599210 0.461994 -0.014212 -0.005454 -0.003387
23 3.988360 2.287320 0.316603 -0.015247 -0.005339 -0.006583
24 3.856520 2.497600 0.340524 -0.015087 -0.005426 -0.003503
25 3.443390 2.805800 0.445534 -0.014765 -0.005711 -0.001755
26 3.825230 2.422950 0.603013 -0.014433 -0.006554 -0.005814
27 3.687970 2.205800 1.030010 -0.010993 -0.006097 -0.004464
28 0.096419 0.856280 -0.623020 -0.015098 -0.005433 -0.001291
29 3.388280 2.684020 1.877670 -0.003163 -0.007894 -0.002317
30 3.340600 2.762530 2.212650 -0.002623 -0.009961 -0.001742
31 3.503150 2.781110 2.080190 -0.001455 -0.007670 -0.001611
32 3.906460 2.215540 1.582840 -0.003576 -0.007170 -0.005077
33 3.858020 2.206410 -0.687416 -0.014439 -0.004971 -0.006624
34 3.870520 2.458180 -0.821986 -0.014942 -0.004879 -0.007621
35 3.490370 2.923220 0.184096 -0.009652 -0.004724 -0.001609
