0 0.000000 0.018583 -0.040085 -0.000336 -0.000000 0.000000
1 3.226300 2.259520 2.159610 0.002324 -0.002368 -0.000916
2 3.408400 1.740620 2.172320 0.002985 -0.003123 -0.003219
3 3.399700 2.002870 1.764530 0.004383 -0.001292 -0.001263
4 3.514870 1.843440 1.928620 0.002213 -0.001611 -0.001155
5 3.276410 2.147880 2.109490 0.002875 -0.003676 -0.000000
6 3.335120 2.394280 1.166890 -0.000671 -0.001446 0.000603
7 0.046740 -0.642453 -0.566536 0.001470 -0.000976 -0.001555
8 3.664460 1.587160 1.510130 0.003474 -0.001585 -0.003403
9 2.877800 2.120020 1.399830 0.002866 -0.001710 0.001121
10 3.637700 1.818490 1.036910 0.001536 -0.001229 -0.001056
11 3.507940 1.504960 1.193400 0.002405 -0.001751 -0.003969
12 3.265350 1.789150 1.394510 0.002764 -0.001850 -0.001452
13 3.554870 1.946400 1.071260 0.000921 -0.001906 -0.001829
14 0.004396 0.056278 -1.636310 -0.014339 -0.005211 -0.001931
15 3.486090 2.028150 1.277090 -0.007703 -0.006350 -0.002423
16 3.789060 2.068360 0.119654 -0.008411 -0.001786 -0.003285
17 3.104630 2.118250 1.592900 -0.007002 -0.012780 -0.001969
18 3.421410 2.164900 1.562190 -0.006931 -0.008417 -0.002995
19 4.015410 1.760170 -1.422570 -0.008098 0.008984 -0.004487
20 3.007450 2.490740 1.480620 -0.006126 -0.009308 0.000373
21 0.209658 -0.422353 -2.094750 -0.013398 -0.005938 -0.003332
22 3.345430 2.408630 0.036118 -0.010729 -0.006397 -0.001593
23 3.572110 2.307350 -0.041103 -0.011424 -0.005720 -0.002697
24 3.660090 2.096690 -0.165602 -0.011228 -0.005833 -0.002771
25 3.616790 1.809710 -0.094081 -0.012226 -0.006198 -0.005196
26 3.776060 1.978370 -0.028911 -0.011449 -0.005951 -0.004369
27 3.689300 2.071800 -0.054436 -0.011878 -0.006118 -0.003069
28 0.230426 0.208303 -1.243470 -0.013582 -0.006114 -0.003267
29 3.427800 2.350600 1.302980 -0.008438 -0.007977 -0.002443
30 2.545560 2.841090 1.736880 -0.007707 -0.010581 0.001892
31 3.026100 2.888040 1.230960 -0.010139 -0.008317 0.000222
32 2.955030 2.934870 0.969747 -0.011667 -0.007423 0.000406
33 3.218970 1.819570 1.228980 -0.006129 -0.007768 -0.004390
34 3.449710 2.380730 1.494960 -0.007692 -0.009355 -0.001843
35 3.313480 2.584530 1.751040 -0.007550 -0.011358 0.000466
