0 0.164078 -0.424880 1.277190 0.009583 0.001394 -0.001582
1 2.923230 3.148430 3.158190 0.008989 0.001447 0.004387
2 3.637430 2.154460 3.352630 0.010334 0.001179 -0.000181
3 4.040960 1.607520 3.340080 0.010928 0.001574 -0.004433
4 3.444170 2.387210 2.875110 0.007778 0.001729 0.000782
5 2.574650 2.483740 2.989800 0.005323 -0.007279 0.001530
6 3.401280 2.329420 2.607130 0.004188 -0.002902 0.001260
7 0.000000 0.054164 -0.102151 -0.000760 -0.000000 0.000000
8 3.798530 1.969080 1.815410 -0.000662 0.000060 -0.003268
9 3.750950 1.980530 1.892260 -0.000604 0.000313 -0.002500
10 3.494900 2.124960 1.962830 -0.000741 -0.000549 -0.001278
11 2.615700 2.138490 2.077460 0.000331 -0.000479 0.000192
12 3.430080 2.426990 1.904320 -0.000378 0.000186 0.000689
13 3.718070 2.191240 2.029850 -0.000059 -0.000292 -0.000588
14 -0.490813 0.322375 0.136095 -0.002923 -0.004350 0.001287
15 3.423970 2.412680 2.251990 -0.002006 -0.004046 -0.000883
16 2.247700 3.479370 2.144900 -0.002645 -0.004129 0.006210
17 3.335180 2.815290 2.164900 -0.001873 -0.003802 0.001283
18 2.974150 3.117980 2.298960 -0.002032 -0.004591 0.003762
19 3.380740 2.407230 2.287830 -0.001911 -0.004113 -0.000344
20 3.464410 2.284210 2.153810 -0.001790 -0.003492 -0.001301
21 -0.621193 0.213142 0.496730 0.000676 -0.004049 0.002620
22 3.171650 3.172760 2.516770 0.001074 -0.003738 0.005902
23 3.420700 2.359030 2.617090 0.001272 -0.004478 -0.000190
24 3.216770 2.710100 2.767400 0.002597 -0.004165 0.002469
25 3.212850 2.405140 2.697330 0.002024 -0.004409 0.000630
26 3.396590 2.281020 2.733200 0.002133 -0.004256 0.000698
27 3.467470 2.365330 2.578980 0.001820 -0.003536 -0.000456
28 -0.723811 0.051532 0.992320 0.002301 -0.006024 0.002012
29 3.185310 2.129960 2.955610 0.002893 -0.004785 -0.001214
30 3.362030 2.136080 3.035530 0.003441 -0.005014 -0.001338
31 3.235370 2.125670 2.955870 0.002699 -0.005612 -0.000406
32 3.200920 2.049350 3.072550 0.003169 -0.006172 -0.001259
33 2.512530 2.643700 3.166840 0.003267 -0.006460 0.003091
34 3.091860 2.298440 3.207900 0.004102 -0.005549 0.000853
