0 0.000000 0.000000 0.000000 0.000000 -0.000000 0.000000
1 3.333430 2.145780 2.070640 0.000854 -0.000143 -0.001337
2 3.626680 2.027370 2.028270 -0.000000 0.000000 -0.001878
3 3.720510 1.947760 2.052260 0.000388 -0.000405 -0.002341
4 3.678980 1.968120 2.111110 0.001070 -0.000096 -0.003220
5 3.699770 1.977990 2.045350 0.000475 -0.000035 -0.002099
6 3.659800 1.820720 2.146820 -0.000091 -0.001367 -0.003118
7 -0.114764 0.344428 -1.186040 -0.008698 -0.001128 0.001353
8 3.268960 3.029490 0.943059 -0.007495 -0.000432 0.001297
9 3.705740 2.912600 1.001640 -0.007818 -0.000999 0.000361
10 3.392080 2.864340 0.874421 -0.008149 -0.000558 0.000545
11 2.427730 3.471190 0.969691 -0.007556 -0.000559 0.006191
12 3.855970 2.376260 0.912965 -0.007907 -0.000649 -0.002767
13 3.727350 2.576920 1.078290 -0.007245 -0.001481 -0.002968
14 -0.748323 0.810939 -1.141800 -0.012358 -0.005525 0.003472
15 3.270240 2.913580 0.874975 -0.011446 -0.004109 0.000915
16 3.238260 2.789810 0.935507 -0.010911 -0.004428 -0.000434
17 3.503410 2.828000 0.942045 -0.010770 -0.004493 0.000359
18 3.089070 3.183110 0.940372 -0.011334 -0.004372 0.001911
19 3.191080 2.745900 1.084620 -0.009277 -0.003701 0.000538
20 3.061810 3.011010 0.912224 -0.011476 -0.004297 0.002529
21 -0.898342 0.799245 -0.867538 -0.009347 -0.005167 0.004963
22 3.200560 2.795400 1.144260 -0.008142 -0.003662 0.000171
23 3.369430 2.700660 1.254870 -0.006919 -0.003222 -0.001170
24 3.109000 2.718720 1.309960 -0.007260 -0.004066 0.000535
25 3.120100 2.470810 1.302920 -0.007391 -0.003919 0.000626
26 3.184900 2.801440 1.244670 -0.007745 -0.004147 0.002148
27 3.120880 2.812770 1.125600 -0.008741 -0.003991 0.000525
28 -0.970369 0.539499 -0.264272 -0.007617 -0.007835 0.003822
29 3.097440 2.804150 1.860010 -0.005981 -0.006495 0.001232
30 3.058060 2.602050 1.875260 -0.005878 -0.006613 0.000524
31 2.882970 2.772080 1.894060 -0.005989 -0.006682 0.000658
32 3.047980 2.524680 1.871970 -0.006066 -0.006910 -0.001008
33 2.846070 2.572110 1.903700 -0.006033 -0.007069 0.000504
34 3.221520 2.159730 2.352460 -0.003749 -0.007789 -0.002282
35 3.119220 2.413840 1.924980 -0.005440 -0.006306 -0.000866
