0 -0.086732 -0.234066 0.624548 0.005000 -0.001576 -0.000816
1 3.358680 1.709680 2.263340 0.002056 -0.001884 -0.001563
2 3.388080 1.744330 2.349370 0.003312 -0.001359 -0.001103
3 3.288100 1.774620 2.370370 0.003307 -0.001756 -0.001447
4 3.416290 1.599820 2.277980 0.002271 -0.001826 -0.002904
5 3.348900 2.019190 2.255620 0.002668 -0.001452 -0.000033
6 3.370040 1.569340 2.214440 0.002597 -0.001146 -0.003079
7 0.000000 0.000000 0.000000 0.000000 -0.000000 0.000000
8 3.410300 1.832600 1.590710 -0.000167 0.001623 0.000188
9 3.431580 1.840520 1.810180 -0.000610 -0.000011 0.000649
10 3.454810 1.742670 1.834680 -0.000905 -0.000195 -0.000310
11 3.467510 1.894900 1.753540 -0.000912 0.000157 0.000480
12 3.458530 1.754550 1.693820 -0.001557 0.000311 -0.000938
13 3.437340 1.861110 1.765610 -0.001196 0.000036 -0.000107
14 0.157808 0.176736 -0.114644 -0.001683 0.001029 0.000000
15 3.667910 2.081330 1.024130 0.002323 0.005580 -0.000256
16 3.578420 2.018380 1.621600 0.000594 0.001679 -0.000797
17 3.534010 2.170010 1.922000 -0.000112 0.000401 -0.000135
18 3.558500 1.811210 1.610910 -0.000371 0.001618 -0.002528
19 3.725440 1.553160 1.667410 0.006287 0.004698 -0.001148
20 3.698420 2.081710 1.574640 0.003910 0.003747 -0.000031
21 0.192064 -0.153666 0.843216 0.007690 0.001553 0.000000
22 3.798670 1.336310 1.427180 0.001984 0.003321 -0.006701
23 3.737180 1.642120 2.126760 0.004165 0.001657 -0.003206
24 3.629130 1.918790 2.056420 0.004598 0.002765 -0.001406
25 3.678260 1.647720 2.408660 0.006187 0.001386 -0.001481
26 3.715220 1.801530 2.178010 0.005555 0.003035 -0.001719
27 0.233429 -0.420925 0.354977 0.005901 0.002378 0.000000
28 3.803560 1.603980 2.114200 0.004691 0.002389 -0.000785
29 3.599150 1.553800 2.156250 0.004487 0.001965 -0.000830
30 3.685280 1.581740 2.098130 0.004036 0.002010 -0.000498
31 3.613390 1.520600 2.354480 0.006068 0.001180 -0.001052
32 3.755020 1.631590 2.171900 0.004295 0.001555 -0.000456
33 3.767220 1.479990 2.210270 0.005302 0.002491 -0.001028
34 3.818090 1.578030 2.225760 0.005208 0.002435 -0.000551
