0 0.000000 0.000000 0.000000 0.000000 -0.000000 0.000000
1 3.364960 1.727580 1.794550 -0.001052 0.000030 0.000018
2 3.422800 1.871510 1.834280 0.000307 0.000153 0.000266
3 3.369490 1.868600 1.846450 -0.000416 0.000073 0.000260
4 3.471720 1.671760 1.637180 -0.001579 0.000254 -0.001065
5 3.321540 1.727290 1.746480 -0.001001 0.000121 -0.000255
6 3.465410 1.805710 1.591050 -0.001323 0.001162 -0.000004
7 0.143630 -0.015201 -0.390869 -0.003679 0.001073 -0.000134
8 3.360650 1.991030 1.212410 -0.005238 0.001188 0.000451
9 3.596340 1.497530 1.438900 -0.004348 0.000991 -0.003530
10 3.597590 1.912200 1.432700 -0.004845 0.001093 0.000147
11 3.603160 1.956140 1.483110 -0.004288 0.000833 -0.000611
12 3.592690 2.012060 1.521530 -0.003902 0.000927 0.000448
13 3.695490 1.836400 1.497720 -0.004290 0.001241 -0.001349
14 0.353135 -0.026083 -0.528971 -0.004665 0.002129 -0.000997
15 3.891940 1.452440 1.027070 0.000966 0.002328 -0.003882
16 3.761260 1.841760 1.201730 -0.003982 0.001819 -0.001060
17 3.836290 1.544120 1.364640 0.000535 0.004030 -0.002379
18 3.828770 1.961980 1.032610 -0.005136 0.002583 -0.000764
19 3.827650 1.660440 1.238500 -0.004412 0.001919 -0.002812
20 3.736410 1.777800 1.392560 -0.003843 0.001837 -0.000740
21 0.140093 0.058308 0.562022 0.003233 0.001049 0.000120
22 3.659880 2.139290 1.677080 -0.000772 0.001855 -0.001063
23 3.540980 2.291180 1.632330 0.000672 0.003036 0.000527
24 3.677550 2.005320 1.726950 0.001062 0.001989 -0.001476
25 3.523380 1.957540 1.721660 0.001747 0.002805 -0.001223
26 3.647690 1.857940 1.388840 0.004678 0.002676 -0.001570
27 3.652370 2.166750 1.951640 0.001648 0.002089 0.000104
28 0.367314 -0.484774 0.053253 0.002392 0.002757 -0.000939
29 3.785890 1.435970 1.864840 0.001605 0.002374 -0.001482
30 3.740310 1.531360 1.847210 0.000791 0.002603 -0.000640
31 3.744740 1.433420 1.907170 0.001468 0.002532 -0.001723
32 3.712790 1.592360 1.940520 0.002052 0.001483 -0.000326
33 3.803930 1.456040 1.713980 0.000051 0.001980 -0.001935
34 3.860660 1.618970 1.859470 0.001226 0.002222 -0.000311
35 3.757140 1.555380 2.078460 0.001470 0.000868 -0.001572
