0 -0.071472 0.133999 0.058417 0.000000 -0.000622 0.000000
1 3.342420 2.254940 2.182540 0.000799 -0.001318 -0.000000
2 3.459960 1.923630 1.872000 -0.000781 -0.000501 -0.003491
3 3.815200 1.604580 2.033400 -0.000153 -0.000992 -0.005531
4 3.657440 2.067860 1.906170 -0.000928 -0.000501 -0.001171
5 3.469640 2.347820 2.010640 -0.000473 -0.001206 0.000218
6 3.322980 2.032330 2.144070 0.000178 -0.001703 -0.001687
7 0.000000 -0.025873 0.044974 0.000368 -0.000000 0.000000
8 3.625610 1.956870 1.787190 0.000422 0.000089 0.000000
9 3.530430 2.038410 1.969510 0.000456 0.000242 0.000219
10 3.651810 1.757150 1.782050 -0.000040 0.000803 -0.002271
11 3.636620 1.766060 1.875850 -0.000093 0.000114 -0.001242
12 3.523520 1.953330 1.859360 -0.000303 0.000171 -0.000805
13 3.477280 1.985490 1.911450 0.000015 -0.000346 0.000155
14 0.140523 -0.015637 -0.233855 0.000792 0.001713 -0.000000
15 3.822080 2.126430 1.720700 0.000579 0.002010 -0.000335
16 3.586370 2.297910 1.706590 0.000329 0.001326 0.000530
17 3.603950 2.242960 1.750390 0.001249 0.001725 0.001066
18 3.629110 2.228260 1.633950 0.000053 0.001736 0.000663
19 3.657490 2.355200 1.714480 0.000190 0.001265 0.002051
20 3.786070 2.421190 1.571220 0.000260 0.002256 0.001997
21 0.112572 0.044020 0.023164 0.003052 0.001636 0.000000
22 3.621600 2.215660 1.886730 0.002346 0.001568 -0.000217
23 3.680930 2.078880 1.971210 0.002664 0.001115 -0.000908
24 3.804940 1.929390 1.810270 0.001878 0.001733 -0.003287
25 3.831700 1.501960 2.012010 0.002496 0.000975 -0.005950
26 3.716530 2.156730 1.837940 0.001953 0.001500 -0.000990
27 3.797760 2.017430 1.783670 0.001541 0.001444 -0.003259
28 0.156748 -0.147466 -0.079378 0.001319 0.000455 -0.001022
29 3.754430 1.839260 1.891190 0.000733 -0.000294 -0.003664
30 3.703480 2.256880 1.813020 0.000882 0.000630 -0.000038
31 3.645350 1.900370 1.682490 0.000672 0.001355 -0.001180
32 3.687700 2.040180 1.900310 0.001062 0.000138 -0.001081
33 3.515000 2.051700 1.754900 0.000686 0.000495 -0.001139
34 3.716620 1.946030 1.726680 0.000285 0.000969 -0.001518
35 3.800870 1.951380 1.893070 0.000734 -0.000030 -0.001429
