0 0.000000 -0.008674 0.015046 0.000123 -0.000000 0.000000
1 3.572690 1.777000 1.833000 -0.000395 0.000156 -0.002466
2 3.619680 1.906120 1.922020 -0.000272 -0.000142 -0.001456
3 3.459730 1.865180 1.920740 -0.000302 -0.000546 -0.001550
4 3.670600 1.795020 1.896870 -0.000145 0.000190 -0.001685
5 3.486870 1.985700 2.029490 -0.000158 -0.000874 -0.000291
6 3.607130 1.859930 1.806660 -0.000560 0.000034 -0.000822
7 -0.044571 -0.045503 0.063396 0.000135 0.000088 0.000662
8 3.654240 2.089360 1.870310 -0.000867 0.000158 0.000182
9 3.587890 2.230670 2.073650 -0.000361 -0.000564 0.000821
10 3.682910 2.114170 1.853040 -0.000828 0.000051 0.000418
11 3.659830 1.983390 1.832740 -0.000208 0.000065 -0.000100
12 3.772880 2.328310 1.784480 0.000233 0.000036 0.001162
13 3.292470 2.209820 2.135550 0.000439 -0.000781 0.001103
14 0.110741 -0.047588 -0.285392 0.000459 0.001638 0.000448
15 3.981110 1.818880 1.536760 -0.000718 0.001312 -0.002473
16 3.654880 2.387580 1.623940 -0.000688 0.000941 0.002285
17 3.412690 3.205790 1.548310 -0.000896 0.001235 0.006396
18 3.648750 2.139390 1.673880 -0.000205 0.000910 -0.000084
19 3.743080 2.466470 1.510920 -0.000781 0.000971 0.002299
20 3.717820 2.103190 1.612970 -0.000194 0.000522 -0.000140
21 0.181353 -0.049022 -0.024431 0.002842 0.001959 -0.000000
22 4.055400 1.719900 1.865490 0.001840 0.001692 -0.003226
23 3.852450 2.360950 1.721520 0.001611 0.001833 0.001699
24 4.040780 1.745070 1.773060 0.001135 0.001803 -0.003103
25 3.899120 1.965100 1.903480 0.002056 0.001116 -0.001200
26 3.811730 1.990510 1.840590 0.001944 0.001563 -0.000368
27 4.155960 1.779520 1.772410 0.001843 0.002040 -0.003025
28 0.010447 -0.156074 -0.037996 0.001742 0.000498 0.000339
29 3.574790 2.217970 1.832480 0.001285 0.000677 0.001158
30 3.585910 2.357620 1.742760 0.000449 0.000726 0.001003
31 3.657250 2.188070 1.810290 0.000765 0.000519 0.000567
32 3.506230 2.095500 1.907190 0.001639 -0.000486 0.001002
33 3.292310 2.932710 1.956650 0.001736 -0.000043 0.005082
34 3.571810 2.092960 1.749320 0.000943 0.001028 0.000255
35 3.826070 2.055440 1.832390 0.001604 0.000469 -0.000173
