0 -0.151319 -0.744876 1.661150 0.010551 -0.005180 -0.000672
1 2.975960 1.622400 3.297160 0.008756 -0.004523 0.000993
2 3.492750 1.134130 3.300250 0.008922 -0.004594 -0.002464
3 3.507560 1.308990 3.275820 0.008599 -0.004515 -0.001080
4 3.454470 1.500590 2.927490 0.007440 -0.003255 -0.000195
5 2.702560 1.826080 2.907270 0.006662 -0.003648 0.001299
6 3.486550 1.548310 2.794050 0.005982 -0.003754 -0.000638
7 0.000000 0.000000 0.000000 0.000000 -0.000000 0.000000
8 2.662480 1.843320 1.772120 -0.000326 0.000157 -0.000537
9 2.890830 1.920800 1.829630 -0.000246 0.000127 -0.000358
10 2.711340 1.843060 1.837020 0.000322 0.000000 -0.000491
11 2.673400 1.972850 1.783200 -0.000488 0.000090 -0.000000
12 2.704290 1.716800 1.891100 0.000641 -0.000045 -0.001384
13 0.343106 -0.357709 0.255060 0.000992 0.001049 -0.002805
14 3.776720 1.660720 2.029020 0.001956 0.000955 -0.003819
15 3.176420 2.035440 1.584200 -0.000076 0.000721 -0.001567
16 3.173280 2.450710 1.499980 -0.000236 0.002012 0.001263
17 3.065890 2.003950 0.906374 -0.001486 0.002059 -0.001018
18 3.993280 1.448050 1.458600 -0.001066 0.002264 -0.005693
19 3.937840 1.713230 1.632760 -0.000385 0.002032 -0.003965
20 0.616861 -0.624434 0.112140 0.003534 0.003343 -0.003189
21 3.284140 1.717650 1.644410 0.002279 0.003542 -0.002066
22 4.101040 1.167210 1.673350 0.001853 0.003280 -0.006090
23 3.341470 1.840070 1.896390 0.002358 0.002906 -0.001725
24 3.600190 1.655690 1.551710 0.002433 0.003388 -0.002523
25 3.415600 1.782940 1.805650 0.002109 0.002872 -0.001654
26 3.836130 1.570480 1.908640 0.003305 0.003559 -0.002613
27 0.399373 -0.125331 -0.585158 -0.001373 0.004083 -0.001470
28 3.878220 1.761030 1.357680 -0.000772 0.003725 -0.002874
29 3.263710 2.463960 1.201870 -0.000588 0.003877 0.001660
30 3.895530 1.811920 1.341150 -0.001262 0.003611 -0.003076
31 3.981040 1.811430 1.132070 -0.000562 0.003847 -0.002237
32 3.309240 2.052850 1.156280 -0.001615 0.003917 -0.000328
33 3.026580 2.535490 0.963795 -0.001983 0.004338 0.002286
34 3.444870 2.276680 0.934397 0.002385 0.006773 0.001182
