0 0.000000 0.000000 0.000000 0.000000 -0.000000 0.000000
1 2.828330 1.862000 1.804550 0.000383 0.000048 -0.000506
2 2.782370 1.969310 1.748390 -0.000184 0.000366 0.000152
3 3.270850 1.850440 1.522660 -0.001012 0.001007 -0.000925
4 2.882740 1.804900 1.634250 -0.000568 0.001123 -0.000991
5 2.920510 1.813080 1.576250 -0.000834 0.000757 -0.000960
6 2.923140 1.951410 1.592580 -0.001483 0.000659 -0.000297
7 0.159294 0.720103 -1.580920 -0.010323 0.004880 0.000530
8 3.657550 2.387560 -0.181686 -0.006925 0.004610 -0.001239
9 3.793190 2.461550 0.231447 -0.009181 0.004270 -0.001389
10 3.721690 2.332850 0.283793 -0.009723 0.003758 -0.001982
11 3.670320 2.316930 0.417427 -0.008547 0.004584 -0.002517
12 3.697080 2.218980 0.398595 -0.009032 0.005041 -0.002255
13 3.897760 2.231770 0.420198 -0.008921 0.004979 -0.002589
14 0.536548 0.366151 -1.486610 -0.009655 0.006776 -0.002265
15 3.636210 2.265610 -0.119343 -0.005230 0.004765 -0.002742
16 3.989500 2.173400 -1.102680 -0.007886 0.007263 -0.003702
17 4.017640 2.267230 -0.988963 -0.007197 0.006782 -0.002849
18 3.870120 2.225970 -0.690461 -0.007104 0.006024 -0.002945
19 4.049240 1.612010 0.334397 -0.002562 0.007228 -0.005361
20 3.340150 2.751170 -1.059410 -0.008164 0.006922 -0.000133
21 0.822019 0.092455 -1.597380 -0.006745 0.009250 -0.002818
22 3.581140 2.041020 -1.316680 -0.005579 0.009312 -0.003953
23 3.805770 1.855460 -0.512858 -0.003708 0.008654 -0.004508
24 4.235050 1.839460 0.212192 -0.004427 0.008417 -0.004893
25 3.845860 1.817480 0.242036 -0.002744 0.005373 -0.004582
26 4.207660 1.753550 -0.214088 -0.003782 0.007371 -0.005932
27 3.846580 1.899850 -0.182349 -0.003415 0.006983 -0.004183
28 0.582739 0.633160 -2.330140 -0.012329 0.009692 -0.001088
29 3.894870 2.539280 -0.728015 -0.007448 0.006294 -0.001342
30 3.264380 2.499190 -0.520284 -0.008025 0.011072 -0.001335
31 3.680370 2.525010 -0.244480 -0.005968 0.007744 -0.000696
32 4.000850 2.312240 -0.211403 -0.005420 0.008362 -0.001365
33 3.692570 2.442800 -0.536061 -0.007055 0.008136 -0.001310
34 3.561230 2.737900 -0.940856 -0.006438 0.009878 0.000524
35 3.701830 2.450970 -0.453141 -0.005546 0.009123 -0.000859
