0 0.322499 -0.429750 0.105283 0.004449 0.002395 -0.001393
1 2.657110 2.946780 2.072070 0.004075 0.002121 0.005535
2 2.895690 2.700240 1.912270 0.002745 0.001813 0.005000
3 2.599170 2.594440 1.841020 0.002595 0.002196 0.004571
4 2.379310 2.804040 1.980250 0.003085 0.001552 0.005014
5 2.557240 2.827450 2.008400 0.003001 0.001336 0.004938
6 2.634800 2.514610 1.800890 0.002249 0.002040 0.003873
7 0.000000 0.014477 -0.027150 -0.000219 -0.000000 0.000000
8 2.736850 2.604700 1.710810 -0.000169 0.001106 0.003928
9 2.549750 2.535640 1.834820 -0.000486 -0.000329 0.002874
10 2.268830 2.220180 1.708560 -0.001261 0.000039 0.001661
11 2.493560 1.987930 1.930690 0.000680 -0.000070 -0.000287
12 2.444310 2.307800 1.755750 -0.000943 0.000328 0.002105
13 2.624730 2.609870 1.598290 0.000082 0.001445 0.003881
14 0.096084 0.092753 -0.111001 0.000899 0.000520 0.000000
15 2.788010 2.824690 1.704450 -0.000232 0.000167 0.003355
16 2.451410 3.243000 1.793220 0.000100 0.000113 0.006241
17 2.620160 3.047540 1.640280 0.000042 0.001000 0.005162
18 2.750280 2.903090 1.678140 -0.000693 0.000200 0.003947
19 2.591970 2.486400 1.823850 0.000439 0.000482 0.001741
20 2.683720 3.137750 1.775480 0.000179 0.000042 0.005495
21 0.124013 -0.102972 -0.004641 0.002004 0.000601 0.000000
22 2.302940 2.917680 1.800920 0.000738 0.000316 0.005764
23 2.567900 2.964230 1.726090 0.000429 0.000749 0.005534
24 2.393110 3.135910 1.935390 0.001688 0.000132 0.006513
25 2.688200 3.049910 1.831550 0.000869 0.000335 0.006200
26 2.316970 3.172190 1.942650 0.001450 0.000111 0.006671
27 2.670810 3.002890 1.733450 0.001223 0.001197 0.005893
28 0.227154 -0.171201 -0.210121 0.001226 0.001055 -0.001115
29 2.445610 3.024240 1.725570 0.000872 0.000761 0.005540
30 2.677250 2.467020 1.684310 0.000800 0.001315 0.002412
31 2.445980 2.991960 1.757330 0.000820 0.000561 0.005283
32 2.520190 2.647130 1.717740 0.000486 0.000536 0.003014
33 2.351000 3.209690 1.702410 0.000677 0.000661 0.006288
34 3.472020 2.421750 1.641950 0.000498 0.000759 0.001395
35 2.729610 2.454220 1.764180 0.000899 0.000820 0.002866
