0 0.000000 -0.027792 0.052018 0.000419 -0.000000 0.000000
1 2.323900 2.339120 1.859700 0.000267 -0.000068 0.002578
2 2.110680 2.385750 1.910590 -0.000230 -0.000215 0.002592
3 3.254380 1.962080 1.833280 0.000215 -0.000030 0.000313
4 2.488360 2.224010 1.972630 0.000289 -0.000326 0.001733
5 2.483870 2.031610 1.884500 -0.000034 -0.000405 0.000290
6 2.305450 2.165330 1.770710 -0.000490 0.000223 0.001736
7 -0.383927 0.530498 -0.212173 -0.005007 -0.002052 0.001937
8 2.928060 2.592880 1.624920 -0.004405 -0.001740 0.001761
9 2.282580 3.171150 1.603050 -0.005170 -0.001904 0.005595
10 2.259620 3.329510 1.474770 -0.004713 -0.000094 0.006926
11 2.231250 2.897150 1.567660 -0.004583 -0.001092 0.003466
12 2.680220 2.791570 1.671600 -0.005091 -0.001841 0.003166
13 2.598960 3.188280 1.665460 -0.003848 -0.000659 0.005438
14 -0.253125 0.458413 -0.108411 -0.003329 -0.001439 0.001656
15 2.376570 3.336250 1.785500 -0.003226 -0.000977 0.006428
16 2.925750 2.628760 1.849740 -0.002991 -0.001440 0.001683
17 2.194660 3.650250 1.833740 -0.003279 -0.001812 0.007623
18 3.396390 2.119310 1.831290 -0.003619 -0.002048 -0.003737
19 2.327890 2.649780 1.899020 -0.003407 -0.002222 0.002276
20 2.187880 3.694000 1.755540 -0.003269 -0.001423 0.008021
21 -0.062625 0.378340 -0.405318 -0.003903 -0.000568 0.000972
22 2.250870 3.599090 1.444450 -0.004435 -0.000187 0.006921
23 2.158940 3.572610 1.458000 -0.004550 -0.000560 0.007335
24 2.161540 3.724030 1.489750 -0.003885 -0.000303 0.007640
25 2.282700 3.392600 1.404990 -0.004406 -0.000527 0.006153
26 2.521730 3.470070 1.557290 -0.004146 -0.001131 0.007213
27 3.227980 2.554920 1.447520 -0.004157 -0.000391 0.001466
28 -0.193965 0.437898 -0.408530 -0.004099 -0.001339 0.001325
29 2.086290 3.450340 1.618460 -0.003564 -0.001437 0.006134
30 2.343090 2.560540 1.603790 -0.004327 -0.001783 0.001334
31 2.291930 3.548820 1.645330 -0.004009 -0.001722 0.007714
32 2.125430 3.265110 1.496830 -0.003687 -0.000747 0.005981
33 1.919270 3.477070 1.680630 -0.003743 -0.002031 0.006958
34 2.545290 3.122260 1.613940 -0.003724 -0.001534 0.005218
35 2.240830 3.134270 1.596490 -0.003419 -0.001128 0.005760
