0 -0.455748 -0.041571 0.766814 0.005085 -0.002840 0.002051
1 3.399790 1.960770 2.538010 0.003443 -0.002671 -0.000524
2 3.504010 1.938700 2.407500 0.002690 -0.002299 -0.001026
3 3.381830 1.834870 2.454180 0.003178 -0.002358 -0.002003
4 3.458660 1.837610 2.451920 0.002808 -0.002524 -0.001204
5 3.367630 2.169040 2.331360 0.002049 -0.002475 0.000400
6 3.296950 1.978540 2.320110 0.001971 -0.002211 -0.000788
7 -0.000046 -0.003059 -0.009240 0.000000 -0.000000 0.000000
8 2.627350 1.849790 2.009270 -0.000586 -0.001364 -0.001310
9 2.661690 1.771840 1.867450 -0.001039 -0.000617 -0.001443
10 3.290020 1.726770 1.778290 -0.000806 -0.000027 -0.001585
11 3.283170 1.874370 1.849690 -0.000728 -0.000302 -0.001653
12 2.646710 1.805610 1.778950 0.000029 0.000037 -0.001439
13 0.192543 -0.267932 0.114474 0.003727 0.002676 -0.000000
14 3.773180 1.770270 1.896140 0.002545 0.002413 -0.003037
15 3.493030 1.995480 1.845250 0.002413 0.002127 -0.000031
16 3.802600 1.922630 1.980220 0.002918 0.002482 -0.002253
17 3.829900 1.786190 1.922740 0.002653 0.002293 -0.001557
18 3.984140 1.815110 1.614690 0.001789 0.004174 -0.002325
19 3.800110 1.736460 1.879910 0.002166 0.002331 -0.002910
20 3.551340 2.030550 1.989580 0.002532 0.002267 -0.000824
21 3.451220 2.033030 1.906860 0.001464 0.002293 0.000162
22 3.772170 2.175380 2.001940 0.001127 0.002088 -0.000315
23 3.704380 1.962510 2.027990 0.001898 0.002067 -0.000436
24 3.502760 2.182020 2.204240 0.003906 0.002220 -0.000156
25 0.108609 -0.194712 2.195870 0.016429 0.005355 0.003714
26 3.782160 1.828480 3.548570 0.014249 -0.001405 0.000085
27 3.939220 1.869660 2.062990 0.013708 0.004088 0.001654
28 3.801730 1.754630 1.950390 0.013757 0.004788 0.000894
29 4.043420 1.720310 2.074440 0.008831 0.002039 0.000362
30 4.105840 1.723590 1.878630 0.012414 0.004466 0.000612
31 3.826540 1.786410 1.760030 0.009678 0.002962 0.001468
