0 0.000000 -0.012789 0.021806 0.000178 -0.000000 0.000000
1 3.400970 1.770270 1.892910 -0.000463 0.000090 -0.001448
2 3.499880 1.783420 1.895960 -0.000308 -0.000299 -0.001925
3 2.966430 1.844780 1.869930 -0.000350 0.000098 -0.001268
4 3.697700 1.797750 1.661890 -0.001959 0.000318 -0.002032
5 3.598240 1.852800 1.763760 -0.001716 -0.000152 -0.001824
6 3.437860 1.827720 1.816720 -0.000673 0.000212 -0.001288
7 0.386944 0.156612 -0.822324 -0.005657 0.002729 -0.001547
8 4.135280 1.856320 1.175560 -0.005286 0.002363 -0.004498
9 4.157940 2.007880 1.303500 -0.004690 0.001479 -0.002590
10 3.949100 2.148920 1.115460 -0.005538 0.002583 -0.000806
11 3.644780 2.439760 1.229250 -0.004779 0.002623 0.000052
12 4.124750 1.781920 1.269920 -0.004020 0.002298 -0.003470
13 2.826240 2.940460 1.243390 -0.005309 0.002187 0.003073
14 0.481301 -0.154216 -0.545961 -0.001958 0.004134 -0.001784
15 3.601620 2.426650 1.496650 -0.001505 0.003411 0.001279
16 3.192910 2.517460 1.338230 -0.001502 0.003753 0.002163
17 3.776540 1.995580 1.421800 -0.002333 0.003558 -0.000998
18 4.169770 1.697930 1.503860 -0.001496 0.003385 -0.002114
19 3.651580 2.411230 1.257590 -0.002862 0.004391 0.000621
20 4.043870 2.045040 1.424510 -0.001917 0.003688 -0.000704
21 0.918253 -0.602608 0.261991 0.002476 0.005375 -0.004516
22 3.866000 2.062160 0.235580 0.001935 0.005673 -0.001544
23 4.097770 2.013220 2.140110 0.001507 0.004437 -0.002024
24 3.941270 2.372890 2.119250 0.001287 0.005016 -0.000034
25 3.450410 2.266940 2.110420 0.001098 0.004812 0.000368
26 3.746370 2.148040 2.345660 0.003217 0.004720 0.000543
27 3.526680 2.517450 2.421520 0.003827 0.004705 0.000509
28 0.456291 -0.005275 1.318870 0.010656 0.008537 0.002481
29 4.004850 1.716110 1.111490 0.008197 0.007811 -0.002039
30 4.108140 1.848720 1.087510 0.008557 0.008580 -0.000690
31 4.333200 2.043430 1.038030 0.008390 0.008445 0.001033
32 4.257700 1.876060 1.141990 0.008622 0.008037 -0.000076
33 4.190610 1.980520 1.100940 0.008402 0.008350 0.000336
34 3.032670 2.374290 1.349100 0.009602 0.007141 0.004216
35 3.858230 1.884510 1.088990 0.008549 0.008250 -0.000399
