0 -0.185774 -0.168749 0.641016 0.003424 -0.001396 -0.000000
1 3.322060 2.152020 2.626290 0.003848 -0.000796 -0.001153
2 3.682010 1.815000 2.602150 0.003051 -0.000921 -0.002699
3 3.354920 2.250300 2.590250 0.003317 -0.001116 -0.001035
4 3.336430 2.188650 2.559570 0.002954 -0.001148 -0.000306
5 3.283870 2.487150 2.716260 0.002969 -0.001881 0.001462
6 3.324770 2.107370 2.431640 0.002799 -0.000419 -0.000339
7 -0.000039 -0.000011 0.000021 0.000000 -0.000000 0.000000
8 3.222460 1.924280 2.126950 0.000889 -0.000043 -0.000884
9 3.318530 2.003850 1.942230 -0.000640 -0.000081 -0.000061
10 3.325870 1.998810 1.924040 -0.000312 0.000106 -0.000000
11 2.746880 1.892190 2.041550 -0.000037 -0.000246 -0.000743
12 3.313590 2.157590 2.044340 -0.000245 -0.000214 -0.000000
13 3.217720 1.954640 2.014540 0.000073 0.000200 -0.002171
14 0.067875 0.413745 -0.698214 -0.005810 -0.000000 0.000000
15 3.389430 2.561130 1.343820 -0.005163 0.000552 -0.000649
16 3.399590 2.857310 1.298840 -0.005844 0.000611 0.001010
17 3.471180 2.554880 1.266470 -0.005660 0.000068 -0.000849
18 3.328310 2.573630 1.309710 -0.006142 0.000105 0.001126
19 3.456290 2.504500 1.268050 -0.006084 0.000494 -0.001867
20 3.574210 2.609050 1.309220 -0.006077 0.000127 -0.000194
21 -0.235594 0.812380 -0.793588 -0.008860 -0.002094 0.000986
22 2.326290 3.855600 1.238830 -0.008423 -0.001787 0.005524
23 3.085810 3.534590 1.417290 -0.008300 -0.002151 0.003507
24 3.175670 2.922460 1.436000 -0.007616 -0.001952 -0.000380
25 3.190800 2.942580 1.258770 -0.008677 -0.001980 -0.001094
26 3.518540 2.746210 1.334630 -0.007896 -0.001574 -0.001302
27 3.095490 3.541450 1.213050 -0.008231 -0.001748 0.003046
28 -0.138006 1.048140 -1.163000 -0.012044 -0.001339 0.001339
29 3.145810 3.730360 1.102980 -0.011214 -0.001625 0.003839
30 3.325320 3.704480 0.956752 -0.011104 -0.000980 0.002114
31 3.265630 3.597150 0.912546 -0.011602 -0.000955 0.002378
32 3.364620 3.256010 0.991770 -0.011288 -0.001597 0.000971
33 3.173990 3.404300 1.028530 -0.011262 -0.001292 0.001416
34 3.271130 3.303410 1.050100 -0.011023 -0.001882 0.001010
35 3.331960 3.362530 0.853587 -0.011639 -0.001047 0.001809
