0 0.000000 0.000000 0.000000 0.000000 -0.000000 0.000000
1 2.609020 1.932140 1.912050 -0.000593 0.000311 -0.000407
2 3.392770 1.709270 2.200560 0.002016 0.000074 -0.001822
3 3.277350 1.918710 2.082900 0.000813 0.000019 -0.000375
4 3.402030 1.763980 2.032950 -0.000053 -0.000451 -0.001954
5 3.302980 2.108140 2.036150 -0.000277 -0.000322 0.000000
6 3.208940 1.971450 2.104720 -0.000063 -0.001072 -0.000210
7 0.210288 0.192762 -0.706387 -0.003867 0.001623 0.000000
8 3.366060 3.264980 1.337440 -0.004021 0.001435 0.005352
9 3.430270 2.619060 1.335250 -0.004180 0.001387 0.002114
10 3.570090 2.659360 1.439910 -0.003510 0.001173 0.002088
11 3.094150 3.092840 1.300870 -0.004499 0.001480 0.005250
12 3.531170 2.597200 1.445160 -0.003971 0.000784 0.001058
13 3.549590 2.495890 1.403240 -0.004098 0.000750 -0.000317
14 0.169385 0.478469 -1.080550 -0.007959 0.000650 -0.000000
15 3.578070 2.793680 0.970376 -0.007534 0.000761 0.000821
16 3.370010 2.770190 0.873091 -0.008323 0.000818 0.001431
17 3.504930 3.257290 0.863795 -0.007823 0.001567 0.003635
18 3.305830 2.904440 1.025620 -0.007529 0.000982 0.001897
19 3.542570 3.053100 0.911406 -0.008573 0.001044 0.003603
20 3.394360 3.012930 0.955051 -0.008313 0.000438 0.001607
21 -0.077071 0.878842 -1.227710 -0.010786 -0.000702 0.001270
22 3.177580 3.662360 0.909271 -0.010477 -0.000892 0.004683
23 3.146420 3.615070 0.955296 -0.010275 -0.001189 0.003934
24 2.901690 3.804320 0.886755 -0.010330 -0.000625 0.005724
25 3.133910 3.045420 0.991223 -0.010007 -0.001237 0.002188
26 3.156290 4.073450 0.979854 -0.010093 -0.001022 0.007212
27 3.083030 3.540460 0.976797 -0.010088 -0.001260 0.004414
28 -0.007909 1.096590 -1.512430 -0.013962 -0.000661 0.001264
29 3.365280 3.556180 0.642960 -0.013117 -0.000526 0.003390
30 3.355690 3.447450 0.705954 -0.012916 -0.000760 0.003443
31 3.252660 3.786160 0.562777 -0.013635 -0.000512 0.004998
32 3.309080 3.176120 0.555672 -0.013923 -0.000749 0.001022
33 2.858160 3.972070 0.523730 -0.014267 -0.000564 0.005828
34 3.179740 3.578440 0.684977 -0.013226 -0.001245 0.003673
35 2.729290 4.137880 0.686206 -0.013528 -0.000871 0.006474
