0 -0.187519 -0.078301 0.035698 -0.000736 -0.001731 -0.000000
1 3.344350 2.413900 2.016110 -0.000209 -0.001087 0.000799
2 3.229630 2.391900 2.095950 -0.000364 -0.001869 -0.000027
3 3.154800 2.090650 2.197330 0.000089 -0.002235 0.000125
4 3.340400 2.117870 2.139340 -0.000683 -0.002354 -0.001349
5 3.371300 2.167430 2.164580 -0.000010 -0.001777 -0.000001
6 3.345840 1.971960 2.065220 -0.000995 -0.002447 -0.002657
7 0.000051 0.000060 -0.000164 0.000000 -0.000000 0.000000
8 3.629760 1.884560 2.060040 0.000711 0.000000 -0.001869
9 3.509330 2.150180 2.048890 0.000741 0.000268 -0.000247
10 3.404600 2.031370 2.024900 0.000379 0.000232 0.000251
11 3.470310 2.060740 2.054910 0.000469 -0.000078 0.000136
12 3.412790 1.922700 1.979290 -0.000125 0.000063 0.000000
13 3.345030 2.085710 2.116010 0.000440 -0.000480 -0.000000
14 -0.064192 -0.146350 0.212436 0.000478 -0.000625 0.000000
15 3.607840 1.906620 2.324840 0.000660 -0.000937 0.000029
16 3.551950 1.873840 2.379590 0.000493 -0.002143 -0.001806
17 3.474500 2.193030 2.155270 0.000554 0.000093 0.000806
18 3.485400 2.318940 2.323030 0.000840 -0.001100 0.000549
19 3.509840 1.987600 2.444970 0.002326 -0.001068 -0.000631
20 3.736640 1.798500 2.256040 0.001064 -0.000487 -0.001340
21 0.067649 -0.145577 0.138279 0.002265 0.000666 -0.000000
22 3.437970 2.068950 2.090220 0.001472 0.000377 0.000141
23 3.587360 2.146520 2.195330 0.002524 0.000477 0.000000
24 3.605200 2.346910 2.102070 0.002936 0.001320 0.001428
25 3.639850 2.086550 2.212310 0.002197 0.000507 -0.001369
26 3.452430 2.154650 2.253980 0.002500 0.000276 0.000000
27 3.651030 2.198510 2.169830 0.002778 0.000995 0.000050
28 -0.179289 -0.216045 0.184433 0.000550 -0.001879 0.000000
29 3.425640 1.909580 2.104970 -0.000612 -0.001914 -0.000352
30 3.328470 1.999240 2.175310 0.000385 -0.002117 0.000000
31 3.397080 1.760330 2.149990 0.000550 -0.001879 -0.000492
32 3.288700 2.003710 2.180150 0.000949 -0.001539 -0.001048
33 3.354200 2.015940 2.139910 0.000576 -0.001984 -0.000062
34 3.422220 2.165160 2.242410 0.000201 -0.002609 0.000754
35 3.405580 1.945330 2.289320 0.000832 -0.002402 0.000202
