0 -0.020484 -0.011693 0.054997 0.000126 -0.000310 -0.000019
1 3.411630 2.004550 2.196430 0.000826 -0.000950 -0.000455
2 3.498620 2.114870 2.158630 0.001570 -0.000397 0.000641
3 3.468210 2.117500 2.047170 0.000492 -0.000310 0.000557
4 3.406730 2.035360 2.053350 -0.000040 -0.000598 -0.000079
5 3.561000 2.119600 2.100390 0.000417 -0.000281 0.000783
6 3.366060 2.000190 2.096060 0.000127 -0.000548 -0.000394
7 0.108829 0.111078 0.039058 0.000517 0.000906 0.000171
8 3.507470 2.793710 1.969290 -0.000192 0.001298 0.003711
9 3.616210 2.617750 2.155050 0.000658 0.000235 0.001806
10 3.689030 2.475790 2.096630 0.000588 0.001199 0.001109
11 3.516040 2.340910 2.147310 0.000753 0.000518 0.000095
12 3.428550 2.348950 2.101250 0.000832 0.001096 0.001342
13 3.547020 2.482210 2.313150 0.001004 0.000035 0.001237
14 0.141662 -0.181794 0.328506 0.003068 0.000893 -0.000000
15 3.622830 1.973110 2.329850 0.002676 0.000716 0.000455
16 3.555240 2.002290 2.386350 0.002609 0.000253 0.000244
17 3.871400 1.615850 2.383490 0.003412 0.000931 -0.002370
18 3.892420 1.674930 2.394660 0.003063 0.000370 -0.003221
19 3.620900 1.915970 2.329240 0.002183 0.000381 -0.001774
20 3.665830 2.210860 2.438860 0.003194 0.000189 0.001350
21 0.130447 0.075400 0.074658 0.002044 0.001551 0.000307
22 3.848910 2.122750 2.077540 0.001749 0.001194 -0.002445
23 3.738810 2.561850 2.069390 0.001463 0.001142 0.000835
24 3.780170 2.341890 2.154160 0.002118 0.001216 0.000648
25 3.779920 2.399740 2.082780 0.002162 0.001671 0.000845
26 3.725850 2.508890 2.109890 0.001621 0.000861 0.000675
27 3.784330 2.283490 2.051740 0.001674 0.001435 -0.000753
28 -0.059768 -0.278074 0.445541 0.002645 -0.001081 0.000033
29 3.667400 1.825060 2.503830 0.002153 -0.001670 -0.000750
30 3.386770 2.129210 2.455540 0.002342 -0.001244 0.000898
31 3.564950 1.819590 2.371650 0.001986 -0.000970 -0.000076
32 2.994280 2.581430 2.433310 0.002607 -0.001179 0.005029
33 3.414830 2.111110 2.382720 0.002082 -0.000891 0.000487
34 3.586090 1.777020 2.454270 0.001752 -0.001220 -0.002228
35 3.459520 2.066550 2.601310 0.002453 -0.001921 -0.000513
