0 0.315267 -0.141353 -0.697078 -0.001577 0.004198 -0.000510
1 3.624510 2.961970 1.404830 -0.000970 0.004327 0.005393
2 3.674620 2.158840 1.218310 -0.001676 0.004924 0.000404
3 3.229890 3.148940 1.393150 -0.001500 0.003635 0.004784
4 3.774970 2.208680 1.392230 -0.001025 0.004059 0.001530
5 3.545180 2.758400 1.410190 -0.000355 0.004698 0.003684
6 3.676840 2.363650 1.341930 -0.001740 0.003789 0.001813
7 0.000000 0.000000 0.000000 0.000000 -0.000000 0.000000
8 3.511090 2.045440 1.964360 -0.000073 0.000115 -0.001585
9 3.353540 1.958420 1.982640 0.000061 0.000024 -0.001425
10 3.471310 1.970870 1.912600 -0.000431 0.000198 -0.000577
11 3.359110 2.299920 1.860720 0.000124 0.001070 0.000505
12 3.355910 2.098270 2.033560 0.000253 -0.000206 -0.001307
13 3.314940 2.086770 2.025080 0.000188 -0.000212 -0.000000
14 -0.369096 0.416236 0.274805 0.000000 -0.002837 0.002290
15 3.405680 2.476370 2.289660 -0.000002 -0.002969 0.002358
16 3.007590 2.798280 2.220640 -0.000034 -0.002552 0.004894
17 3.083620 2.758230 2.435960 0.000824 -0.003016 0.003568
18 2.971810 2.726680 2.402520 0.000156 -0.003449 0.003777
19 2.957390 2.746460 2.288140 -0.000043 -0.002771 0.004043
20 3.074150 2.507100 2.413420 0.000368 -0.003263 0.003111
21 -0.901189 0.466506 1.670070 0.003279 -0.009224 0.002216
22 2.848710 2.649740 3.388740 0.002539 -0.008101 -0.000922
23 2.877510 2.768190 3.462750 0.002768 -0.008178 0.000145
24 3.004480 2.480070 3.373870 0.002384 -0.008094 -0.002122
25 2.108710 3.617080 3.532540 0.002587 -0.009125 0.006229
26 2.676870 2.765530 3.632670 0.003187 -0.009461 0.000099
27 2.863030 2.448260 3.410720 0.002900 -0.007722 -0.001955
28 -1.511920 0.390134 3.372190 0.009874 -0.015405 0.003573
29 2.230520 2.479550 5.234180 0.010087 -0.014715 0.002160
30 2.071270 2.686520 5.305110 0.009991 -0.015422 0.004131
31 2.123450 2.565450 5.218000 0.009548 -0.015125 0.003418
32 2.009090 3.269130 5.535510 0.010396 -0.016437 0.007082
33 2.096440 2.594170 5.283650 0.009821 -0.015469 0.003995
34 2.146670 2.524100 5.550590 0.010828 -0.016449 0.002604
35 2.079790 2.442050 5.370660 0.010190 -0.015674 0.003238
