0 0.017003 -0.022666 0.004005 0.000388 0.000342 0.000055
1 3.471140 1.907740 2.034340 0.000762 0.000462 -0.000269
2 3.545070 2.052180 1.832790 0.000301 0.001300 -0.001139
3 3.195310 2.376850 2.040750 0.000382 -0.000067 0.000576
4 3.486920 1.946590 2.045480 0.000827 0.000248 -0.000642
5 3.408590 1.981890 2.034540 0.000591 0.000102 -0.002252
6 3.420470 2.027120 1.916550 0.000181 0.000643 -0.000204
7 -0.293038 0.084629 0.739662 0.001459 -0.004476 0.000194
8 3.318540 2.051640 2.587180 0.001044 -0.003591 -0.002847
9 3.155290 2.476130 2.764700 0.001732 -0.004416 0.000636
10 3.121610 2.578400 2.713520 0.000854 -0.004807 0.002279
11 2.670330 2.723530 2.708740 0.001531 -0.004452 0.003244
12 3.210060 2.250100 2.601480 0.000884 -0.003978 -0.000011
13 3.150250 2.283100 2.686360 0.000945 -0.004598 -0.000318
14 -0.536436 0.373103 1.005190 0.002206 -0.006468 0.002201
15 3.093330 2.368080 2.914630 0.001430 -0.006102 0.001322
16 2.513670 3.437630 2.943940 0.001542 -0.006394 0.007582
17 2.316080 3.465080 3.123510 0.002066 -0.007099 0.007919
18 2.781680 2.858260 3.249440 0.003077 -0.007228 0.005199
19 3.164920 2.395090 2.960100 0.002079 -0.006225 0.001727
20 2.658070 3.281980 2.999470 0.002217 -0.006418 0.006859
21 -1.033020 0.492890 2.345970 0.005582 -0.012563 0.002420
22 2.835530 2.214490 3.939390 0.004260 -0.010993 -0.003381
23 2.729230 2.474800 4.093190 0.004366 -0.011663 -0.001759
24 2.728300 2.326270 4.130290 0.004899 -0.012033 -0.002716
25 2.682710 2.435280 4.120540 0.004894 -0.011746 -0.000543
26 2.917670 2.206800 3.999610 0.004831 -0.011011 -0.002842
27 2.693580 2.410580 4.134540 0.004952 -0.011569 -0.001579
28 -1.665900 0.437253 3.963070 0.011591 -0.018320 0.003964
29 1.974990 2.734100 5.897650 0.011880 -0.018367 0.003562
30 2.269610 2.400080 5.811400 0.011290 -0.017946 0.000779
31 1.382250 3.821840 5.933900 0.011582 -0.018721 0.009730
32 1.296060 3.645820 6.158100 0.012906 -0.019168 0.009174
33 1.921480 3.175390 6.019520 0.011873 -0.018932 0.006823
34 1.945650 2.668870 5.846730 0.010880 -0.018658 0.003865
35 1.888870 3.035740 6.062870 0.012363 -0.018906 0.006179
