0 0.185183 -0.050319 0.196846 0.001162 0.000282 -0.001084
1 3.623610 2.363090 2.151270 0.000252 0.000143 -0.001613
2 3.747710 2.091620 2.004400 -0.000122 0.000423 -0.001755
3 3.735490 2.196680 2.123520 0.000013 0.000085 -0.001219
4 3.659810 2.315090 2.107620 0.000264 0.000493 -0.000700
5 3.697470 2.119730 2.082490 0.000179 0.000548 -0.001219
6 3.592890 2.080290 2.035810 -0.000241 0.000417 -0.001649
7 0.030993 -0.000009 -0.053374 0.000000 0.000415 0.000000
8 3.275360 1.970470 1.959030 -0.000551 0.000287 -0.000510
9 3.410690 2.195090 2.040860 0.000597 0.000318 0.001273
10 3.578670 1.969500 1.995560 -0.000085 0.000428 -0.000265
11 3.428890 2.007850 2.053010 0.000352 0.000341 0.000000
12 3.544080 2.032850 1.908320 -0.000358 0.000610 0.000119
13 3.470560 2.024660 2.004010 0.000597 0.000727 0.000000
14 0.309103 -0.103198 0.040470 0.001082 0.002097 -0.001290
15 3.751680 2.070940 2.017290 0.000817 0.002074 -0.000661
16 3.224970 2.484190 2.054030 0.001058 0.001653 0.001289
17 3.849900 2.103210 2.018150 0.000476 0.001713 -0.000729
18 3.650000 2.557720 1.801120 -0.000325 0.002146 0.001473
19 3.718740 2.243570 2.006250 0.000655 0.001968 0.000187
20 2.925250 3.041710 2.069280 0.000257 0.001441 0.004866
21 0.235126 -0.077808 0.135351 0.002170 0.002222 -0.000591
22 3.646420 2.317410 2.026930 0.001114 0.002178 0.000192
23 3.611940 2.242770 2.165330 0.001574 0.001919 -0.000859
24 3.637410 2.845170 2.171460 0.001586 0.001587 0.002711
25 3.611410 2.638160 2.133410 0.001793 0.002216 0.002125
26 3.644480 2.679830 2.157230 0.001908 0.001783 0.002198
27 3.298270 3.229640 2.146530 0.001660 0.001961 0.004103
28 -0.430221 0.452814 0.863138 0.005191 0.000372 0.004066
29 3.264860 2.724100 2.524280 0.003226 0.000260 0.002906
30 3.097390 2.770500 2.576230 0.002759 0.000105 0.003578
31 3.142830 2.686850 2.411620 0.004397 0.000412 0.003303
32 3.025100 2.602580 2.865990 0.004584 -0.000460 0.004254
33 3.030570 3.026410 2.782630 0.004547 0.000285 0.005352
