0 0.000000 -0.012572 0.020074 0.000169 -0.000000 0.000000
1 3.382740 2.086340 1.980370 -0.000688 -0.000216 0.000312
2 3.319610 2.183530 2.089340 0.000569 -0.000021 0.001344
3 3.321930 1.959840 2.084720 0.000885 -0.000080 0.000000
4 3.404920 2.042370 1.991900 -0.000248 -0.000039 0.000402
5 3.541350 2.002890 1.879380 -0.000422 0.000684 -0.000384
6 3.365350 2.179360 1.940440 -0.000453 0.000072 0.001064
7 -0.195733 0.090954 -0.233650 -0.002233 -0.000840 0.000723
8 3.224100 2.521940 1.929250 -0.001759 -0.001295 0.002842
9 3.257450 2.483530 1.931640 -0.002231 -0.001579 0.002324
10 3.051600 2.796870 2.011860 -0.002069 -0.001957 0.004701
11 3.331210 2.546770 1.815730 -0.001969 -0.000244 0.003595
12 3.254420 3.217530 1.923660 -0.001983 -0.000919 0.006576
13 3.249160 2.772500 1.853660 -0.001493 -0.000401 0.004698
14 0.202649 -0.195809 -0.070606 -0.000203 0.001401 -0.001197
15 3.001790 2.848090 2.135060 0.000400 0.000473 0.004785
16 3.657080 2.669180 1.910170 -0.000223 0.001220 0.003252
17 3.747840 2.329810 1.982390 -0.000045 0.001137 0.001400
18 3.574970 2.323130 2.034560 -0.000197 0.000936 0.001931
19 3.624230 2.472800 2.046320 0.000041 0.000733 0.002970
20 3.537590 3.199260 1.945890 0.000064 0.001363 0.006979
21 0.035348 -0.049370 -0.007725 0.000571 0.001596 0.000500
22 3.579520 2.516510 1.980850 -0.000525 0.000772 0.002161
23 3.417770 2.261190 1.991450 -0.000580 0.001035 0.001081
24 3.357400 2.892610 2.011500 -0.000439 0.000834 0.004753
25 3.604330 2.142080 2.053200 -0.000190 0.000501 0.000520
26 3.566810 2.399080 2.021300 -0.000047 0.001194 0.001903
27 3.394610 2.770560 2.015170 0.000009 0.001118 0.003131
28 -0.515285 0.564019 0.573587 0.002983 0.000395 0.004700
29 3.074040 2.959480 2.382180 0.001684 -0.000478 0.005181
30 2.970350 2.926670 2.528140 0.001961 -0.000033 0.004361
31 3.108040 2.969270 2.597040 0.002062 -0.000595 0.006085
32 2.954410 3.565000 2.366100 0.001118 -0.000084 0.008954
33 3.091410 3.091680 2.552450 0.002376 0.000121 0.006737
34 2.920140 3.330670 2.574690 0.003088 0.000434 0.008035
35 2.923380 3.028530 2.747560 0.003870 0.000168 0.006697
