0 -0.455505 0.845460 -0.648362 -0.005799 -0.001526 0.002966
1 3.282110 3.022610 1.527450 -0.005383 -0.002266 0.002562
2 3.366510 2.804610 1.421030 -0.005306 -0.001698 0.000678
3 3.235850 2.878210 1.445870 -0.005422 -0.001978 0.000009
4 3.028840 2.985710 1.571660 -0.005170 -0.002675 0.001661
5 3.333310 2.993360 1.393200 -0.005581 -0.001934 0.001088
6 3.418010 2.822610 1.414030 -0.006355 -0.002055 -0.000634
7 -0.000741 -0.008287 -0.015325 0.000000 -0.000000 0.000000
8 3.526540 2.232050 2.082960 0.000552 -0.000691 -0.000000
9 3.500910 2.029320 2.013380 0.000449 -0.000092 -0.001198
10 3.484750 2.096790 1.941260 -0.000036 -0.000395 -0.000323
11 3.386340 2.045500 1.960150 0.000309 -0.000123 -0.001091
12 3.578270 2.218130 1.915110 -0.000594 -0.000263 -0.000000
13 3.550810 2.145450 1.980660 0.000396 0.000063 -0.000899
14 0.251663 -0.184628 0.425077 0.006748 0.003803 0.000953
15 3.779110 2.335200 2.351760 0.005691 0.003155 0.002207
16 3.733600 2.074050 2.569480 0.007512 0.002598 0.001137
17 3.783020 2.098980 2.354180 0.005647 0.002614 0.001026
18 3.864950 2.219930 2.249840 0.004853 0.002817 0.001359
19 3.766900 2.170790 2.217590 0.004344 0.002784 0.000513
20 3.811540 2.217350 2.267840 0.004976 0.002912 0.000843
21 1.003630 -0.365442 -0.328426 0.001976 0.004536 -0.001931
22 3.024530 2.802800 1.747720 0.001768 0.003545 0.003200
23 2.821450 3.040330 1.754690 0.001357 0.003111 0.003843
24 2.752370 2.770600 1.772290 0.001583 0.002988 0.002347
25 2.797680 3.341610 1.684000 -0.000471 0.001728 0.005698
26 3.020070 3.069680 2.107350 0.003712 0.002512 0.004358
27 2.745570 3.541500 1.696840 0.001662 0.003849 0.007607
28 0.558588 0.310236 -0.637228 -0.002126 0.003062 0.000699
29 4.007420 3.351150 1.493960 -0.002189 0.001865 0.005035
30 3.014270 3.683900 1.728940 -0.000185 0.001333 0.006982
31 2.665680 3.552710 1.733890 -0.000712 0.001472 0.006902
32 2.834860 3.583130 1.802040 -0.000760 0.000740 0.007496
33 2.862980 3.690760 1.541150 -0.001948 0.001662 0.007536
34 4.000880 2.641310 1.579420 -0.001232 0.001449 0.001926
35 4.016030 2.586020 1.514370 -0.001716 0.001825 0.000691
