0 0.000000 0.000000 0.000000 0.000000 -0.000000 0.000000
1 3.487130 2.075050 1.875870 -0.000797 -0.000016 -0.000627
2 3.466300 2.017670 1.954560 0.000763 0.000485 -0.001172
3 3.517490 2.006250 2.022120 0.000392 -0.000300 -0.001031
4 3.499870 2.206640 1.982590 -0.000344 -0.000525 0.000000
5 3.436780 2.124700 2.105560 0.000855 -0.000550 0.000043
6 3.483440 1.920780 1.907630 -0.000382 0.000104 -0.001464
7 0.528350 -0.814259 0.499098 0.004617 0.001566 -0.003315
8 3.925440 1.796050 2.497420 0.004600 0.001124 -0.002060
9 4.053900 1.592660 2.355100 0.003220 0.000979 -0.003312
10 3.923290 2.004580 2.404810 0.003896 0.001137 -0.000555
11 3.978940 1.661170 2.352840 0.003774 0.001551 -0.003314
12 3.998810 1.776490 2.375060 0.003998 0.001573 -0.001909
13 3.849370 2.008990 2.536660 0.004352 0.000572 -0.000613
14 0.687024 -0.852799 0.860998 0.010994 0.005406 -0.001661
15 4.168910 1.802480 2.763800 0.009757 0.004111 0.000424
16 3.218310 2.776130 2.695820 0.009727 0.004431 0.005867
17 4.223600 1.199170 2.754830 0.009397 0.003893 -0.002749
18 4.084130 1.714430 2.504050 0.007420 0.003117 -0.000164
19 4.264680 1.781490 2.644170 0.008585 0.004210 -0.000130
20 4.268140 1.919060 2.688380 0.008846 0.004123 0.000678
21 1.385420 -0.993602 0.159946 0.006091 0.005590 -0.004249
22 3.262980 2.649830 2.148490 0.005116 0.004098 0.002917
23 3.045830 2.476250 2.343640 0.006507 0.003637 0.002045
24 3.016310 2.099720 2.068340 0.004309 0.003798 -0.000579
25 3.379320 2.265040 1.987680 0.003415 0.004177 0.000733
26 3.387160 2.408020 2.141190 0.004400 0.003820 0.002035
27 3.298200 2.717610 2.133330 0.003845 0.003608 0.003411
28 1.027350 -0.549975 -0.004672 0.003948 0.004876 -0.002008
29 4.166400 2.516050 2.132130 0.003980 0.003494 0.002386
30 2.837560 2.438710 2.031900 0.003531 0.003661 0.002576
31 4.322320 2.789240 2.056780 0.004357 0.004115 0.003935
32 3.172430 2.960060 2.167300 0.003679 0.002728 0.004733
33 3.476240 3.033110 2.160490 0.003820 0.003105 0.005970
34 3.684000 2.968510 2.151200 0.005089 0.003830 0.005656
35 3.708740 1.888510 2.981800 0.006203 -0.003642 -0.000504
