0 -0.396460 -0.386409 1.229140 0.009057 -0.002520 0.000934
1 2.663440 1.618700 2.789980 0.006108 -0.001568 -0.000562
2 2.153630 1.680420 2.900320 0.006477 -0.001985 0.000444
3 3.030530 1.522820 2.857650 0.006370 -0.002239 -0.002240
4 2.512010 1.935050 2.917740 0.006255 -0.002660 0.001660
5 2.323120 1.878840 2.813630 0.004749 -0.002992 0.001037
6 2.366150 2.113120 2.425530 0.002760 -0.001858 0.002812
7 0.000000 0.000000 0.000000 0.000000 -0.000000 0.000000
8 2.531720 1.949510 1.772140 -0.001503 -0.000176 -0.000000
9 2.285490 1.906490 1.768740 -0.001746 -0.000511 0.000000
10 2.163120 1.657020 1.537670 -0.001667 0.000379 -0.000872
11 2.102410 1.999730 1.707190 -0.000304 0.001238 -0.000000
12 2.191690 1.869610 1.756700 -0.001725 -0.000376 0.000113
13 1.997590 1.979840 1.870160 -0.001007 -0.000477 0.000559
14 -0.162254 0.461103 -0.376430 -0.003115 -0.000517 0.001942
15 1.880090 2.556580 1.404840 -0.003515 -0.000390 0.002395
16 2.187790 2.379260 1.477180 -0.004174 -0.000388 0.001089
17 2.719270 2.145560 1.270720 -0.004477 0.000370 -0.002767
18 2.588980 2.335280 1.321220 -0.004634 -0.000085 0.001267
19 2.672930 2.142640 1.306250 -0.004108 0.000077 -0.000665
20 2.810000 2.324960 1.580080 -0.002473 0.000240 0.000570
21 0.528875 -0.095027 -0.902552 -0.003172 0.003382 -0.003297
22 3.175270 1.692840 1.058990 -0.003375 0.003157 -0.005367
23 2.954610 2.107800 0.926229 -0.004510 0.002965 -0.002154
24 2.772550 2.041590 0.885872 -0.004406 0.003847 -0.002733
25 2.959560 2.155890 0.838077 -0.005724 0.002837 -0.001073
26 3.244040 1.850450 1.081640 -0.004328 0.002271 -0.003542
27 2.843600 2.173660 1.073250 -0.003609 0.002908 -0.001832
28 0.690329 -0.292007 -1.045490 -0.004163 0.003341 -0.004476
29 2.609440 2.211490 1.032710 -0.004620 0.002287 -0.002265
30 2.934370 2.193280 0.886402 -0.005562 0.002827 -0.001889
31 3.499320 1.842540 0.849589 -0.005219 0.002859 -0.003692
32 2.947060 2.084740 0.843772 -0.005116 0.003160 -0.002097
33 3.003650 1.781610 1.024120 -0.003185 0.002527 -0.003767
34 3.597040 1.664160 0.908224 -0.004738 0.003047 -0.004938
35 2.883710 2.319700 0.633436 -0.004421 0.004154 -0.000812
