0 0.000000 0.000000 0.000000 0.000000 -0.000000 0.000000
1 2.184560 1.826880 1.947340 -0.000683 -0.000729 -0.000495
2 2.026260 1.823400 1.756380 -0.001567 0.000085 -0.000121
3 2.068210 1.908400 1.862050 -0.001247 -0.000692 -0.000322
4 2.400720 1.708760 1.699670 -0.001863 -0.000027 -0.001013
5 2.264140 1.932620 1.740180 -0.002369 -0.000580 -0.000100
6 2.499500 1.876540 1.344280 -0.004118 0.000401 -0.000255
7 0.373168 0.413691 -1.189440 -0.008937 0.002457 -0.000809
8 2.866870 2.300210 0.676925 -0.008674 0.003428 -0.001202
9 2.913540 2.323390 0.823853 -0.009368 0.001519 -0.000554
10 2.787090 2.186690 0.667744 -0.009023 0.001934 -0.001069
11 2.658940 2.649210 0.767607 -0.008633 0.002247 0.001122
12 2.653490 2.382340 0.682275 -0.008427 0.001906 0.000018
13 2.604720 2.527700 0.861612 -0.008460 0.000824 0.000730
14 0.198986 0.760107 -1.392060 -0.011664 0.001281 0.000545
15 2.186650 2.399370 1.308480 -0.002746 -0.000518 0.001498
16 2.279850 2.623370 0.798799 -0.009958 -0.000232 0.001182
17 3.235540 2.382650 0.424710 -0.011572 0.002369 -0.001903
18 2.957580 2.275960 0.586131 -0.009516 0.001834 -0.001181
19 3.023280 2.386270 0.154622 -0.006637 0.005835 -0.000381
20 3.364560 2.217740 0.493257 -0.009299 0.002639 -0.001785
21 0.838677 0.352986 -2.098560 -0.012960 0.005047 -0.004144
22 2.397270 2.101610 0.849751 -0.007056 -0.000670 -0.003950
23 2.497770 2.285550 0.736991 -0.008016 -0.001074 -0.003066
24 2.791370 2.424390 0.069068 -0.011922 0.004529 -0.003247
25 3.548450 2.081580 -0.267366 -0.012620 0.005492 -0.004890
26 2.753700 2.047240 1.141510 -0.006683 -0.001722 -0.003625
27 2.657740 2.261290 0.758956 -0.007601 -0.000138 -0.003454
28 0.963578 0.290021 -2.423120 -0.014067 0.006374 -0.004424
29 2.690250 2.325020 0.566228 -0.008466 0.000178 -0.002955
30 2.622820 2.138540 0.112471 -0.011482 0.003155 -0.004121
31 3.025490 2.284830 -0.087239 -0.013015 0.003593 -0.003888
32 2.806110 2.000230 0.527223 -0.007472 0.001245 -0.003851
33 3.018790 1.890230 0.309696 -0.007959 0.002028 -0.003778
34 2.958130 1.963930 0.460214 -0.007754 0.000867 -0.003811
35 2.754980 2.040480 0.136057 -0.009081 0.000743 -0.003924
