0 0.039780 -0.222386 0.177701 0.003568 0.000154 0.000000
1 2.443390 2.051160 2.195330 0.003425 -0.000071 0.000820
2 3.310170 2.269200 2.036070 0.003232 0.001003 0.001756
3 3.288320 1.648160 2.046730 0.002683 0.000127 -0.002443
4 3.103340 2.357520 2.147750 0.002972 -0.000033 0.002625
5 2.744320 2.469140 2.107390 0.002919 0.000009 0.002880
6 3.337610 1.741990 1.928910 0.002174 0.000749 -0.002446
7 0.000000 0.000000 0.000000 0.000000 -0.000000 0.000000
8 2.488310 2.008900 1.996060 0.000550 -0.000051 -0.000456
9 3.009840 2.017100 1.737100 0.000202 0.001648 -0.000392
10 2.714340 2.158900 1.852390 0.000179 -0.000000 0.000000
11 2.575530 2.111490 2.014170 0.000436 0.000000 -0.000454
12 2.693660 2.147390 1.657790 -0.000068 0.001756 0.000000
13 2.721060 2.058140 1.951990 -0.000153 -0.000197 0.000271
14 0.124022 0.445905 -0.654039 -0.005256 0.000932 0.000000
15 2.825880 2.528890 1.468130 -0.004073 0.000392 0.000001
16 3.059840 2.443910 1.429640 -0.004559 0.000731 -0.000274
17 3.567390 2.184750 1.463000 -0.004592 0.000502 -0.002920
18 2.852900 2.868050 1.522510 -0.004134 0.000468 0.001911
19 3.148570 2.314830 1.782820 -0.002319 -0.000691 -0.001114
20 2.909980 2.285190 2.393060 0.004162 -0.002972 0.000062
21 0.118329 0.022328 -0.443859 -0.004938 -0.001031 -0.003143
22 3.084020 2.459840 1.660900 -0.004158 -0.001113 -0.002432
23 3.306250 2.288970 1.571240 -0.004784 -0.001087 -0.002581
24 2.928760 2.688170 1.627160 -0.003998 -0.000683 -0.000595
25 3.121820 2.549630 1.645920 -0.003996 -0.000708 -0.001415
26 2.902760 2.732890 1.736160 -0.003693 -0.001159 -0.000159
27 3.250770 2.065200 1.533780 -0.005112 -0.001054 -0.005002
28 0.156891 0.102325 -0.399694 -0.007353 -0.002556 -0.004643
29 3.012610 2.319240 1.588800 -0.007001 -0.002413 -0.003633
30 2.958570 2.898980 1.636910 -0.006783 -0.002573 -0.001130
31 2.842110 2.361200 1.652130 -0.006476 -0.002738 -0.003051
32 3.418330 2.003680 1.581300 -0.006940 -0.002753 -0.005194
33 2.875300 2.404400 1.593530 -0.006736 -0.002290 -0.002555
34 3.262870 2.132390 1.408220 -0.006827 -0.001402 -0.005349
35 3.243300 2.113850 1.265410 -0.007356 -0.002026 -0.004599
