0 0.000000 -0.017601 0.031483 0.000245 -0.000000 0.000000
1 2.842390 2.072130 1.993240 0.000714 0.000287 0.000411
2 2.916920 2.077890 1.747760 0.000136 0.001606 0.000219
3 2.673970 2.108120 1.854190 0.000141 0.000833 0.000329
4 2.810070 2.113140 1.905400 0.000195 0.000468 0.000464
5 2.655560 2.087670 1.984930 0.000237 -0.000048 0.000514
6 2.739150 2.365020 1.791260 -0.000414 0.000670 0.001910
7 0.071772 0.243980 -0.340553 -0.003704 0.000921 -0.000024
8 3.332100 2.669930 1.478650 -0.003973 0.001798 0.001459
9 3.254060 2.587630 1.453500 -0.004513 0.000935 0.000588
10 3.380930 2.673950 1.512550 -0.004319 0.001379 0.000503
11 3.250660 2.575520 1.572960 -0.004197 0.000976 -0.000262
12 3.414250 2.663640 1.513180 -0.004010 0.001503 0.000981
13 3.386580 2.637130 1.407680 -0.004944 0.001386 -0.000318
14 0.225964 0.602228 -0.973134 -0.008312 0.002405 0.000000
15 3.299450 2.388260 1.340260 -0.006293 0.001374 -0.002997
16 3.546150 2.581870 1.143570 -0.006486 0.002504 0.000329
17 3.363650 2.462590 1.237330 -0.006591 0.001632 -0.001095
18 3.404990 2.958090 1.026310 -0.007949 0.001812 0.001298
19 3.297560 2.447400 1.466300 -0.005315 0.000578 -0.000953
20 3.110330 2.405690 1.189710 -0.006817 0.001627 -0.001471
21 0.271144 0.107514 -0.693540 -0.007226 0.000607 -0.003341
22 3.337280 2.540990 1.422210 -0.006488 0.000480 -0.002980
23 3.333340 2.633190 1.374950 -0.006461 0.000865 -0.001483
24 3.453320 2.690050 1.379140 -0.006346 0.000994 -0.001763
25 3.181810 2.624680 1.251080 -0.006834 0.001280 -0.001820
26 3.215170 2.530370 1.428600 -0.006414 0.000312 -0.001484
27 3.348280 2.635700 1.266910 -0.007235 0.001038 -0.002375
28 0.264678 0.213842 -0.686240 -0.010433 -0.001367 -0.004970
29 3.428940 2.316470 1.222980 -0.009935 -0.000916 -0.004957
30 3.000770 2.514310 1.251290 -0.009568 -0.000795 -0.004061
31 3.088260 2.923730 1.235460 -0.009488 -0.000934 -0.001797
32 3.400960 2.633070 1.252880 -0.010054 -0.001300 -0.003444
33 3.143450 2.775810 1.123230 -0.010471 -0.001290 -0.002759
34 3.505460 2.264870 1.126810 -0.010315 -0.000586 -0.005495
35 3.328130 2.666710 1.259910 -0.009415 -0.000861 -0.003285
