0 -0.366597 -0.059611 0.179159 0.001560 -0.001487 0.001244
1 3.219240 2.339550 2.012340 0.000437 -0.000872 0.000906
2 2.963230 3.176200 1.986540 0.000643 -0.000981 0.006577
3 3.159520 2.147290 2.149750 0.001001 -0.001921 0.001012
4 2.905340 2.276010 1.990760 0.000376 -0.001416 0.001660
5 2.939070 3.003930 1.901500 -0.000331 -0.000841 0.006120
6 3.230320 2.506890 1.912200 -0.000444 -0.000998 0.002497
7 -0.019675 0.000010 0.033692 0.000000 -0.000262 0.000000
8 3.398330 2.148240 2.010330 -0.000307 -0.000652 0.000554
9 3.896270 1.769640 1.892860 -0.001161 -0.000196 -0.003101
10 4.093020 1.502660 1.923220 -0.000239 0.000315 -0.005749
11 3.503190 2.118250 1.846430 -0.001414 0.000195 0.000473
12 3.396340 2.792150 1.883480 -0.000803 0.000337 0.003490
13 0.481565 0.311196 0.177456 0.001837 0.005959 0.001070
14 4.036030 3.024570 1.912080 -0.000373 0.004866 0.003008
15 4.056280 3.097330 1.360750 -0.001273 0.006147 0.002486
16 3.826130 3.959990 1.994120 0.000959 0.006051 0.007188
17 4.030040 3.470360 0.700489 -0.001010 0.005022 0.005135
18 3.813520 3.419140 1.761300 0.000232 0.007482 0.005319
19 3.989190 3.771960 1.730430 0.000466 0.006423 0.007143
20 0.901601 0.358780 0.274528 0.005584 0.010909 0.001834
21 4.440140 3.501800 1.695660 0.003775 0.010951 0.005133
22 3.486360 3.752410 1.217330 0.002197 0.010827 0.006681
23 4.385950 3.946480 2.058860 0.002905 0.010140 0.006379
24 4.565470 2.923700 1.630920 0.002424 0.009169 0.001073
25 3.960350 2.644590 0.450356 0.002405 0.017280 0.000569
26 4.488380 3.473130 1.930010 0.004412 0.011990 0.003628
27 1.538360 0.068304 0.392921 0.007946 0.016176 0.000691
28 3.449800 3.320900 0.401865 0.006853 0.015213 0.004585
29 4.250360 3.864060 0.359613 0.006699 0.015492 0.007380
30 4.305940 3.643900 0.367588 0.006171 0.014906 0.006576
31 4.534330 3.796220 0.384126 0.006605 0.015374 0.007860
32 3.811830 4.142920 0.449062 0.006663 0.014845 0.009776
33 3.261550 3.842700 3.148160 0.005400 -0.002764 0.004758
34 4.862950 3.206000 0.421077 0.006461 0.015256 0.004381
