0 0.000000 -0.029809 0.048190 0.000397 -0.000000 0.000000
1 3.398410 1.998010 2.023600 0.000051 -0.000057 -0.000333
2 3.523730 2.723780 1.919760 -0.000195 0.000244 0.004101
3 3.290840 2.096120 1.803670 -0.000859 0.000477 0.000307
4 3.358860 2.341360 1.992500 -0.000423 -0.000682 0.002261
5 3.689210 1.808610 2.013930 0.000113 -0.000000 -0.002500
6 3.395490 1.909220 1.789560 -0.001592 0.000144 -0.000859
7 0.234693 0.024316 0.157636 0.000604 0.000938 -0.000225
8 3.582890 3.158740 2.236180 0.000981 0.001127 0.005735
9 3.308470 3.072790 2.095040 -0.000172 0.000771 0.004907
10 3.572660 3.407170 2.056860 -0.000582 0.000882 0.006523
11 3.539190 3.100400 2.217530 0.000769 0.000862 0.005365
12 3.301970 3.823350 2.200770 -0.000976 0.000220 0.008279
13 3.694870 2.880710 2.024890 -0.000910 0.000937 0.003020
14 0.595384 0.280116 0.220076 0.001926 0.006680 0.000887
15 2.747100 4.066450 2.228040 0.004108 0.000896 0.009816
16 3.395040 3.807160 2.351570 0.001469 -0.001335 0.008431
17 3.188550 3.828230 2.087170 0.002132 0.007549 0.008157
18 3.967170 3.934290 1.993490 -0.000181 0.005629 0.007576
19 3.695750 3.506750 2.082980 0.001261 0.006600 0.006624
20 3.387110 3.997910 1.932540 0.000424 0.006140 0.009255
21 0.996013 0.429710 0.176534 0.004899 0.011752 0.001891
22 3.536030 3.072130 3.034180 0.000063 0.001236 -0.001291
23 3.225530 2.950050 0.293391 0.002349 0.009877 0.000861
24 3.672590 4.064250 2.124510 0.004284 0.011357 0.007338
25 4.170930 4.436330 0.190802 0.002508 0.010874 0.010064
26 3.801440 4.028010 2.833230 -0.000844 0.003754 0.007437
27 4.263330 3.860100 2.277090 -0.002920 0.005587 0.004029
28 1.674440 0.057028 0.363864 0.007519 0.017050 0.000309
29 3.552100 3.962240 0.420957 0.006510 0.015899 0.008559
30 3.409310 3.918350 0.499511 0.006331 0.015030 0.007742
31 3.659590 3.657610 1.574750 0.002040 0.007103 0.006164
32 3.718970 4.165620 0.476326 0.006622 0.015706 0.009497
33 4.172650 4.031760 0.460059 0.006424 0.015538 0.008223
34 3.190830 3.664920 4.662440 0.007204 -0.002610 0.005119
35 4.685490 3.850010 0.458829 0.006332 0.015508 0.007437
