0 0.046442 -0.137400 -0.115268 0.000000 -0.000000 -0.000558
1 3.662150 1.625030 1.886680 0.000884 -0.000091 -0.003847
2 3.365850 1.727240 1.800230 0.000352 -0.000264 -0.001574
3 3.633630 1.648890 1.740940 0.000079 -0.000290 -0.002881
4 3.693730 1.625680 1.806400 -0.000578 -0.000528 -0.003551
5 3.671040 1.696730 1.708040 -0.000521 -0.000300 -0.003459
6 3.702340 1.671680 1.638780 -0.001299 -0.000104 -0.003702
7 0.004863 0.000921 0.003078 0.000000 -0.000000 0.000000
8 3.402430 1.711770 1.763460 -0.000000 -0.000800 -0.001516
9 3.386850 1.823410 1.861160 -0.000398 -0.000574 -0.001318
10 3.484850 1.762800 1.689080 -0.000250 0.000000 -0.001217
11 3.393780 1.772880 1.948350 -0.000055 -0.000074 -0.001717
12 3.491950 1.620690 1.911740 0.000508 -0.000607 -0.003102
13 -0.064394 -0.114972 0.287109 0.001669 -0.000638 0.000000
14 3.621090 1.702720 2.158320 0.000579 -0.001296 -0.003548
15 3.660460 1.880450 2.247450 0.001099 -0.001347 -0.002364
16 3.386290 2.134390 2.219870 0.001680 -0.001320 -0.000114
17 3.598430 1.871550 2.089130 0.000410 -0.001186 -0.002014
18 2.503280 2.701130 2.127670 -0.000166 -0.002468 0.003710
19 3.701900 1.591220 2.068130 -0.000299 -0.001434 -0.003887
20 -0.124606 -0.227198 0.525892 0.002941 -0.001275 -0.000000
21 3.506180 1.781730 2.381030 0.002153 -0.001632 -0.002691
22 3.605750 1.696990 2.309600 0.001742 -0.001570 -0.003345
23 3.689720 1.816030 2.301260 0.001548 -0.001752 -0.002977
24 3.301900 2.075720 2.350610 0.001842 -0.001637 -0.000578
25 3.608390 1.715860 2.374770 0.001915 -0.001756 -0.002401
26 3.603530 1.853100 2.332790 0.002148 -0.001138 -0.002331
27 -0.103701 -0.228482 0.503107 0.003329 -0.001054 0.000000
28 3.764300 1.689840 2.247200 0.001996 -0.001129 -0.003179
29 3.507940 1.549960 2.213060 -0.001388 -0.008259 -0.004041
30 3.579780 1.659050 2.212250 0.001769 -0.001311 -0.002559
31 3.631380 1.414330 2.325790 0.002308 -0.002228 -0.004665
32 3.691440 1.482350 2.091660 0.000841 -0.002328 -0.004647
33 3.777350 1.416250 2.228710 0.002979 -0.001630 -0.004247
