0 0.000000 0.000000 0.000000 0.000000 -0.000000 0.000000
1 3.487330 1.844710 2.056270 0.001187 -0.000697 -0.000569
2 3.515480 1.736900 1.875620 0.000280 -0.000158 -0.001468
3 3.522960 1.786380 1.987660 0.000104 -0.000655 -0.001286
4 3.481920 2.036470 1.917830 0.000000 -0.000676 0.000056
5 2.862930 1.983100 1.898740 0.000624 -0.000574 -0.000000
6 2.887660 1.909120 1.987130 0.000985 -0.000538 -0.000409
7 -0.006273 0.099821 0.101318 0.000224 0.000140 0.000445
8 3.719860 1.994070 1.937220 -0.000205 0.000318 -0.002035
9 3.806090 2.089140 2.117960 -0.000003 -0.000815 -0.002390
10 3.792610 2.126420 2.067120 -0.000398 -0.000513 0.000121
11 3.797110 1.994780 2.027240 -0.000060 -0.000376 -0.002421
12 3.502760 2.446180 1.983110 0.000092 0.000025 0.000481
13 3.798970 1.803760 2.144490 0.000833 -0.000513 -0.003813
14 -0.095152 0.078743 0.335463 0.000843 -0.000958 0.000287
15 3.737150 1.813560 2.142210 -0.000357 -0.001363 -0.003992
16 3.692450 2.117660 2.072120 -0.000651 -0.001447 -0.001787
17 3.875030 1.956600 2.063340 -0.000413 -0.001343 -0.003381
18 3.649320 2.035180 2.056700 -0.000749 -0.001177 -0.002678
19 3.739770 1.979330 2.094530 -0.000478 -0.001414 -0.002356
20 3.576500 2.132810 2.146870 -0.000485 -0.001469 -0.000158
21 -0.111645 -0.136247 0.572510 0.002713 -0.001271 0.000195
22 3.767120 1.898290 2.354940 0.002095 -0.000857 -0.003234
23 3.543490 1.908140 2.499990 0.002074 -0.002123 -0.001783
24 3.825360 1.783410 2.534510 0.002824 -0.001378 -0.003445
25 3.773080 1.931490 2.448420 0.001925 -0.001791 -0.001785
26 3.653200 1.934720 2.413650 0.001832 -0.001407 -0.002331
27 3.841980 1.919960 2.499170 0.002629 -0.001524 -0.002088
28 -0.082364 -0.177922 0.588621 0.003249 -0.001199 0.000038
29 3.864080 1.751610 2.311170 0.001921 -0.001443 -0.002460
30 3.709880 2.353240 1.523980 -0.003374 -0.002020 -0.000868
31 3.772680 1.882460 1.998900 0.000375 -0.002536 -0.003321
32 3.730250 1.595750 2.357560 0.002066 -0.002309 -0.003621
33 3.678490 1.774580 2.354510 0.001734 -0.001710 -0.002555
34 3.843590 1.822790 2.247110 0.001351 -0.002055 -0.002589
35 3.766260 1.712190 2.425110 0.002732 -0.001896 -0.002866
