0 -0.255464 1.015560 -1.088900 -0.011242 0.000610 0.002634
1 3.636550 2.988310 1.113190 -0.009323 -0.000098 0.003146
2 3.696560 2.774950 0.958541 -0.010703 0.000464 0.001369
3 3.717930 2.989810 1.200020 -0.009555 -0.000361 0.002922
4 3.636160 2.840680 0.887408 -0.010347 0.000454 0.001270
5 3.723490 2.555220 1.538270 -0.003176 -0.001047 -0.000176
6 3.435230 2.900710 0.999648 -0.009468 0.000112 0.002410
7 -0.040484 0.000123 0.070149 0.000000 -0.000540 0.000000
8 3.808780 1.893360 1.718300 -0.000206 0.001535 0.000059
9 3.915740 1.886350 1.915610 -0.000053 0.000398 -0.000686
10 3.806740 1.971970 2.004970 0.000551 0.000243 0.000293
11 3.709870 1.927080 2.137970 0.001006 -0.000476 0.000192
12 3.986300 1.973150 1.946430 -0.000020 0.000226 -0.000151
13 4.001510 1.790210 1.851840 -0.000415 0.000618 -0.001228
14 0.133015 -1.140720 1.153920 0.015278 0.003157 -0.000000
15 4.204500 1.201630 2.682760 0.011360 0.003949 -0.000515
16 4.110170 1.426550 2.703100 0.011875 0.004224 -0.000055
17 4.140850 1.476660 2.264500 0.009441 0.005448 -0.000566
18 4.317510 0.918485 2.211420 0.007424 0.004338 -0.004186
19 4.287330 0.900559 2.757730 0.012354 0.004172 -0.003369
20 4.106390 1.088120 2.601300 0.010868 0.004003 -0.000597
21 0.686818 -0.966797 0.003044 0.020839 0.014873 0.003495
22 4.563070 1.297080 1.547660 0.012171 0.011643 0.001506
23 4.555610 1.311030 1.524740 0.012334 0.012208 0.002148
24 4.748380 1.194530 1.617280 0.016048 0.014629 0.000878
25 4.505620 1.209880 1.447680 0.012153 0.012696 0.002284
26 4.497610 1.594600 1.389610 0.013329 0.013805 0.005001
27 4.366210 1.483500 1.463200 0.012310 0.012432 0.002317
28 0.407382 -1.300960 0.955594 0.027681 0.012082 0.006741
29 4.053710 1.008230 2.578010 0.010068 0.000276 0.001083
30 4.352860 1.043870 2.073100 0.016135 0.009264 0.003303
31 3.974470 0.981889 2.509520 0.015743 0.005751 0.005349
32 4.359580 1.211860 2.409400 0.013838 0.004923 0.006112
33 3.905270 1.146610 2.735530 0.018113 0.005896 0.005779
34 2.747620 2.158560 2.915750 0.012457 -0.000341 0.009981
35 3.913210 1.190410 2.833540 0.017374 0.004613 0.005122
