0 0.000000 0.037987 -0.060168 -0.000510 -0.000000 0.000000
1 3.817930 1.778910 1.907730 -0.001021 -0.000301 -0.001013
2 3.882930 2.076050 1.954340 -0.000450 0.000050 0.000911
3 3.893600 1.925570 1.987620 -0.000103 -0.000149 -0.000129
4 3.742870 1.909760 1.942780 -0.000522 -0.000434 -0.000228
5 3.837660 1.847420 2.091150 0.000488 -0.000773 -0.000585
6 3.832260 1.781370 2.085200 0.000197 -0.000896 -0.001093
7 0.401534 -1.122770 1.010990 0.011192 0.000000 -0.003401
8 4.313310 1.094160 2.744450 0.008915 0.000458 -0.003007
9 4.473080 0.945751 2.572220 0.008854 0.001630 -0.006280
10 4.465200 1.081550 2.612690 0.008794 0.001301 -0.004341
11 4.453170 1.074780 2.655630 0.009319 0.001312 -0.004448
12 4.570940 0.908235 2.660200 0.008869 0.001094 -0.005697
13 4.372890 0.749141 2.778150 0.009339 0.000847 -0.007588
14 0.468415 -2.171640 2.279520 0.027549 0.003385 -0.002878
15 4.455260 0.217311 3.437590 0.019991 0.004234 -0.003737
16 4.215800 0.646307 3.498210 0.019877 0.003676 -0.002267
17 4.443060 0.527418 3.307790 0.018391 0.003512 -0.002234
18 4.355480 0.669737 3.318170 0.018743 0.003932 -0.003156
19 4.486000 0.567062 3.073530 0.018121 0.004942 -0.003487
20 4.358880 0.288111 3.801210 0.022815 0.003882 -0.003659
21 0.883114 -1.914750 1.138900 0.032406 0.014571 0.001285
22 3.454170 1.763600 3.027140 0.017515 0.003363 0.006840
23 4.569360 0.580498 2.403910 0.021199 0.011548 0.002075
24 3.098380 1.548990 2.970050 0.017274 0.003213 0.006610
25 4.832710 -0.114207 2.234320 0.021030 0.013122 -0.006383
26 3.412030 0.826309 3.068030 0.018389 0.003547 0.003003
27 2.785500 1.965090 3.172650 0.016263 0.000526 0.008372
28 0.686704 -2.192250 1.852500 0.038666 0.012984 0.004482
29 2.383410 1.909020 2.881560 0.012195 -0.002882 0.005486
30 2.963700 0.931411 2.956820 0.013960 -0.001254 0.003128
31 3.321750 0.695971 2.813600 0.013099 -0.000002 0.002538
32 2.962670 0.991794 3.043160 0.013811 -0.001403 0.004634
33 3.017410 1.287810 2.774310 0.013293 0.000061 0.007277
34 3.143850 1.350890 2.621760 0.012569 0.000502 0.008283
35 4.060970 2.145940 2.004980 0.011623 0.004689 0.006211
