0 -0.040619 0.454487 -0.028183 -0.002178 0.002158 0.001301
1 3.615650 2.796190 1.687730 -0.003563 -0.001014 -0.000610
2 3.571720 3.014750 1.287950 -0.002974 0.000464 0.001299
3 3.328140 2.691010 1.614070 -0.002194 -0.003006 0.001911
4 3.584460 2.768020 1.760040 -0.000799 -0.001701 0.001294
5 3.600970 2.907960 1.742430 -0.000184 -0.001013 0.001493
6 3.584760 2.679140 0.236258 -0.000896 0.001242 0.000491
7 0.000000 0.000000 0.000000 0.000000 -0.000000 0.000000
8 3.747500 2.009110 1.784720 0.000584 -0.000000 -0.001446
9 3.629860 2.092610 1.995890 -0.000063 -0.002204 -0.000822
10 3.753430 2.133400 1.732270 -0.000231 0.000000 -0.000628
11 3.753590 1.829160 1.774210 0.000885 0.000631 -0.003489
12 3.703960 1.915390 1.829190 0.000157 -0.000194 -0.002548
13 3.710300 2.026530 1.952990 0.000766 -0.000647 -0.002040
14 0.301896 -0.496245 0.768977 -0.000735 -0.003804 -0.003584
15 3.964190 2.084440 1.961700 -0.002185 -0.002132 -0.003395
16 4.043450 1.666270 1.472790 -0.000357 -0.000684 -0.004376
17 3.856710 2.154290 2.055900 -0.003746 -0.005789 -0.002896
18 3.983840 1.793010 1.764400 -0.001343 -0.003507 -0.004644
19 4.088980 2.044520 1.595520 -0.003645 -0.003409 -0.003806
20 4.217350 1.592960 1.690740 -0.000442 0.000598 -0.005754
21 0.975166 -1.583780 0.933399 -0.002007 -0.004314 -0.013238
22 4.029560 1.071840 1.170170 -0.000713 -0.005395 -0.012795
23 3.751690 1.912540 0.633356 -0.004383 -0.002661 -0.005359
24 3.680720 1.671200 2.298510 -0.003474 -0.008470 -0.007685
25 3.873760 1.632480 1.747720 -0.002128 -0.005110 -0.007773
26 3.785220 1.241140 1.780590 -0.000313 -0.007054 -0.009138
27 3.886500 1.505690 1.744890 -0.002355 -0.006078 -0.010296
28 1.357400 -1.725880 0.308834 -0.006747 -0.001735 -0.016276
29 3.837060 1.271010 0.476339 -0.004998 -0.002082 -0.012311
30 3.471780 2.026280 0.359143 -0.005784 -0.001863 -0.008559
31 3.117030 2.017360 0.393616 -0.005716 -0.001943 -0.008652
32 3.994040 1.334930 0.449147 -0.005390 -0.002186 -0.011937
33 3.853910 1.366800 0.381953 -0.005937 -0.002181 -0.011455
34 3.927090 1.458320 0.454137 -0.005782 -0.002489 -0.011074
35 3.387440 1.414690 0.364749 -0.006174 -0.002152 -0.010434
