0 0.000000 0.000000 0.000000 0.000000 -0.000000 0.000000
1 3.638420 1.905520 2.031170 0.001707 -0.000540 -0.001576
2 3.639650 2.205830 1.762270 0.000024 -0.000041 -0.000960
3 3.573700 2.138520 1.915370 0.001136 -0.000650 0.000050
4 3.599650 2.028190 1.819050 0.001615 0.000185 -0.000693
5 3.564050 2.004990 2.075770 0.001308 -0.001446 -0.001165
6 3.507370 1.971360 1.864420 0.001124 -0.000454 -0.000656
7 0.061994 -0.419923 0.040243 0.002130 -0.002294 -0.001381
8 3.845920 1.621400 1.657480 0.001303 -0.001032 -0.003543
9 3.799110 2.029940 1.897150 0.001713 -0.002233 -0.000907
10 3.615920 1.737430 1.939460 0.001851 -0.002544 -0.001704
11 3.835100 2.061700 1.783410 0.002106 -0.001350 -0.000952
12 3.861210 1.883380 1.857780 0.001612 -0.002152 -0.002406
13 3.675310 1.607910 1.552130 0.001671 -0.002748 -0.004433
14 0.295979 -0.873357 0.755363 0.001682 -0.006002 -0.004439
15 3.843590 1.691460 1.744080 -0.002398 -0.004607 -0.004519
16 3.838140 1.376200 2.244780 0.000065 -0.005578 -0.004909
17 3.926510 1.469750 2.523110 0.001383 -0.006396 -0.004405
18 3.862130 1.759290 2.160780 -0.000580 -0.005640 -0.004186
19 4.096850 1.604070 2.165010 0.000542 -0.004166 -0.005096
20 4.146300 1.240590 2.328230 0.001082 -0.004973 -0.006926
21 1.197710 -2.133250 0.920024 0.000435 -0.005376 -0.015462
22 3.738400 1.214210 2.359600 -0.001884 -0.009248 -0.010447
23 4.153280 1.267470 1.090580 -0.006089 -0.003653 -0.010000
24 4.238440 0.785084 2.491080 -0.000064 -0.004967 -0.012849
25 4.378980 1.273070 -0.099355 -0.007668 0.003785 -0.011418
26 4.101070 0.870703 2.269690 -0.002350 -0.005257 -0.010926
27 3.926950 1.148500 1.485660 -0.005476 -0.003472 -0.011107
28 1.452840 -2.156310 0.292569 -0.004703 -0.003603 -0.017904
29 3.709200 1.040470 1.665430 -0.003488 -0.000880 -0.012503
30 3.657750 0.916988 0.954211 -0.003040 -0.003270 -0.013336
31 3.975600 1.416790 0.274568 -0.004777 -0.003671 -0.010938
32 3.208470 0.994536 1.384630 -0.001348 -0.003700 -0.010939
33 3.815700 1.428740 1.971070 -0.001969 -0.004310 -0.008919
34 3.843650 1.545280 1.422460 -0.007925 -0.004340 -0.010984
35 3.746140 1.056950 0.716402 -0.001993 0.000957 -0.011710
