0 -0.321822 0.172123 0.488182 0.001124 -0.002507 0.001012
1 3.338380 2.378810 2.371230 0.001155 -0.002916 0.000585
2 3.257290 2.566190 2.454800 0.002020 -0.002770 0.000665
3 3.237830 2.211470 2.433890 0.002037 -0.002574 -0.000238
4 3.325530 2.343690 2.329400 0.001550 -0.001988 0.000273
5 3.244230 2.402200 2.367600 0.001444 -0.002479 -0.000030
6 3.388530 2.426600 2.281560 0.001424 -0.001834 0.001058
7 -0.001830 -0.015570 0.001598 0.000000 -0.000000 0.000000
8 3.501180 2.058510 1.878960 0.000364 -0.000471 -0.000524
9 3.338210 2.127150 1.811430 0.000172 -0.000178 0.000371
10 3.483620 2.044010 1.713670 0.000336 0.000538 0.000134
11 3.439320 2.151460 1.779100 0.000411 0.000188 0.000097
12 3.471830 2.346090 1.538750 -0.000247 0.000229 0.001311
13 -0.322519 0.615252 -0.592379 -0.004858 -0.001058 0.002897
14 3.276450 2.793770 1.280200 -0.004433 -0.000956 0.002163
15 3.204900 2.881570 1.219180 -0.004669 -0.000506 0.002717
16 3.262060 2.964480 1.275000 -0.004509 -0.000934 0.002283
17 3.378170 2.767730 1.320440 -0.004656 -0.001491 0.002490
18 3.126760 2.958430 1.216970 -0.004257 -0.000178 0.003449
19 3.287400 2.898010 1.341290 -0.004552 -0.001391 0.002838
20 -0.095907 0.482365 -0.476553 -0.004766 -0.000926 0.001045
21 3.520170 2.958850 1.455080 -0.004260 -0.001454 0.001159
22 3.627650 2.745060 1.383530 -0.004127 -0.001290 -0.000191
23 3.664910 2.837960 1.348170 -0.004161 -0.000932 0.001126
24 3.558190 2.710130 1.403730 -0.004267 -0.001158 0.000710
25 3.449070 2.660080 1.301310 -0.004967 -0.001371 0.000339
26 3.520870 2.796760 1.487660 -0.004316 -0.001718 0.000897
27 -0.076664 0.394514 -0.418924 -0.004098 -0.000982 0.001037
28 3.496940 2.993980 1.453400 -0.003960 -0.001257 0.001510
29 3.538340 2.814100 1.435160 -0.004016 -0.001393 0.000987
30 3.513760 2.602820 1.327990 -0.004051 -0.000879 -0.000002
31 3.633430 2.543220 1.393770 -0.003801 -0.000947 -0.000335
32 3.552150 2.761280 1.430140 -0.004245 -0.001222 0.000313
33 3.520710 2.662630 1.367760 -0.004125 -0.000829 0.000480
34 3.618970 2.679120 1.367480 -0.004543 -0.001221 0.000607
