0 0.066323 -0.052982 -0.025178 0.000071 0.000268 -0.000389
1 3.523480 2.084280 1.837250 0.000509 -0.000224 0.000244
2 3.658380 2.009320 1.656640 0.000498 0.001206 -0.000389
3 3.590380 1.960840 1.779910 0.000530 0.000334 -0.000568
4 3.451810 1.944740 1.768660 0.000409 0.000396 -0.000812
5 3.471180 2.064580 1.693630 -0.000081 0.000846 -0.000668
6 3.487350 1.976760 1.835940 0.000438 -0.000016 -0.000228
7 0.275974 -0.206829 -0.332321 -0.000902 0.001848 -0.001040
8 3.693210 2.408790 1.597530 -0.000486 0.001597 0.000801
9 3.830160 2.086150 1.462600 -0.000729 0.001385 -0.001624
10 3.872870 2.227450 1.560950 -0.000749 0.001418 0.000137
11 3.813920 2.275450 1.568690 -0.000548 0.001533 0.000125
12 3.742680 2.196430 1.452210 -0.001352 0.001346 -0.000423
13 3.729140 2.434100 1.376160 -0.001785 0.001082 0.000449
14 -0.053572 0.393250 -0.849779 -0.005646 -0.000000 0.001474
15 3.518510 2.780640 0.972170 -0.005364 0.000549 0.000937
16 3.622160 2.642050 1.045670 -0.005288 0.000105 0.000904
17 3.391800 2.927890 1.078720 -0.005089 -0.000064 0.002212
18 3.556630 2.747170 1.121820 -0.005596 -0.000729 0.001192
19 3.461460 2.964230 1.099940 -0.005279 -0.000327 0.002760
20 3.581280 2.784330 1.060170 -0.005170 -0.000078 0.002599
21 0.084881 0.443552 -0.911623 -0.006572 0.000451 0.000508
22 3.700610 2.876160 0.780032 -0.007524 0.000474 0.001510
23 3.671340 3.094710 0.876478 -0.006756 0.000223 0.002190
24 3.800410 2.697610 1.001750 -0.006098 0.000133 -0.000359
25 3.626570 2.753200 0.938274 -0.006192 -0.000556 0.000874
26 3.720090 2.583630 0.988443 -0.006788 -0.000386 -0.000201
27 3.758030 2.670820 1.089420 -0.005963 -0.000596 -0.000137
28 0.025066 0.428162 -0.822108 -0.006526 -0.000457 0.000747
29 3.602840 2.849160 1.215510 -0.006034 -0.001418 0.000086
30 3.502330 2.773710 0.988010 -0.006675 -0.000899 0.000161
31 3.676250 2.676910 1.036410 -0.006307 -0.000911 0.000097
32 3.566150 2.809520 1.099560 -0.006139 -0.000683 0.000699
33 3.542160 2.900930 1.038000 -0.006598 -0.000842 -0.000116
34 3.466630 2.811580 1.141270 -0.006416 -0.001216 0.000185
35 3.586380 3.033560 1.065190 -0.006775 -0.001294 0.001099
