0 -0.284474 -0.073876 0.968161 0.004429 -0.003480 -0.000549
1 3.131260 2.288860 2.833300 0.003835 -0.004430 -0.000579
2 3.158690 2.329380 2.154700 0.003628 -0.001791 0.000192
3 2.934910 2.811110 2.417750 0.002691 -0.003034 0.003919
4 3.114740 2.240360 2.522260 0.003652 -0.004213 -0.000079
5 3.276160 2.211350 2.536490 0.003744 -0.003516 -0.000150
6 3.149490 2.351130 2.337800 0.002243 -0.003106 -0.000351
7 0.000000 0.000000 0.000000 0.000000 -0.000000 0.000000
8 3.506570 2.003050 1.837850 0.000174 -0.001263 0.000176
9 3.335550 2.109400 1.889230 0.001086 -0.000649 0.000978
10 3.389240 2.206430 1.609250 -0.000553 -0.000517 0.001368
11 3.494860 2.223570 1.746440 0.000314 -0.000000 0.001441
12 3.380140 2.039960 2.017580 0.002826 -0.001866 -0.000048
13 3.441550 2.102330 1.702410 0.000238 0.000514 0.000093
14 0.078624 0.090332 0.329420 0.002906 0.001402 0.001011
15 3.573670 2.147080 1.453200 0.005078 0.001853 0.000221
16 3.554960 2.328160 1.761860 0.000519 0.000644 0.001184
17 3.652180 2.130430 1.045380 0.002793 0.001168 -0.002461
18 3.593990 2.504940 1.735720 0.001918 0.000495 -0.000103
19 3.545560 2.404290 1.674290 0.000604 0.000586 -0.000097
20 3.589140 2.248270 1.829340 0.001574 0.001135 0.000403
21 -0.045428 0.465516 -0.034778 0.000000 0.001164 0.002446
22 3.580190 2.604450 1.674080 0.001079 0.001646 0.001004
23 3.517370 2.519510 1.040980 -0.002395 -0.000007 -0.000483
24 3.553190 2.621840 1.557030 -0.000470 0.001457 0.000796
25 3.626090 2.542190 1.571880 -0.001029 0.001563 -0.000812
26 3.613230 2.514040 1.749580 0.000527 0.001052 0.000891
27 3.608050 2.579280 1.493370 -0.001199 0.001167 -0.000459
28 0.042932 0.847763 -1.227050 -0.010000 0.002259 0.002149
29 3.540780 2.364880 1.085100 -0.000476 0.003130 0.000468
30 3.391450 2.698190 1.516780 0.000454 -0.001046 0.001225
31 3.561230 2.573570 0.868943 -0.001707 0.003169 0.002167
32 3.386180 2.447080 1.787120 0.001487 -0.002181 0.002038
33 3.497650 2.422040 1.250620 0.001276 0.001309 0.002401
34 3.357390 2.608510 1.378440 -0.001892 -0.002786 0.001807
35 3.556820 2.492790 1.642410 0.001928 -0.000011 0.002175
