0 0.000000 -0.003864 0.007610 0.000064 -0.000000 0.000000
1 3.464490 2.207750 1.688580 0.000869 0.000889 0.000731
2 3.465580 2.118250 1.772730 0.001255 0.000127 0.001018
3 3.400490 2.094290 1.605440 -0.000638 -0.000280 0.000255
4 3.413630 2.142710 1.675670 0.000815 -0.000000 0.001333
5 3.368860 2.100710 1.717040 -0.000540 -0.000627 -0.000000
6 3.377690 2.320860 1.383450 -0.000533 -0.000804 0.001063
7 0.299786 0.068512 -0.962753 -0.004727 0.002959 0.000342
8 3.797360 2.092870 0.650821 -0.003871 0.003933 -0.000140
9 3.687760 2.590550 1.011810 -0.003141 0.002648 0.001692
10 3.663220 2.220410 0.620027 -0.001754 0.000516 0.000851
11 3.738030 2.317070 0.877869 -0.003425 0.002982 0.001608
12 3.780280 2.091440 0.778166 -0.000912 0.002988 0.001846
13 3.736900 2.251810 0.604553 -0.004596 0.004064 0.000623
14 0.236959 0.137552 -0.527947 -0.001914 0.003563 0.001502
15 3.821620 2.322840 1.097470 -0.000484 0.001777 0.000105
16 3.978260 2.309160 0.664540 -0.002464 0.004985 -0.000142
17 3.659820 2.429230 0.503564 0.002740 0.006078 0.002270
18 3.744390 2.372080 0.984370 -0.001616 0.001778 0.001458
19 3.666880 2.387720 1.041580 0.000375 0.003827 0.001257
20 3.830190 2.304790 1.099600 0.004228 0.002605 0.002625
21 0.182854 0.599927 -0.983471 -0.004635 0.004279 0.003344
22 3.147060 2.768430 1.478180 0.000525 -0.002241 0.003786
23 3.600090 2.642650 1.123210 0.000864 0.000750 0.002850
24 3.510830 2.839740 0.922048 -0.005209 0.001590 0.002368
25 3.699610 3.013900 0.718709 -0.005820 0.002764 0.002208
26 3.646250 2.401250 0.694471 0.002706 0.005360 0.000906
27 3.728330 2.774010 0.540537 -0.005440 0.004370 0.000267
28 0.265162 1.019600 -2.196770 -0.015091 0.005132 0.003002
29 3.828480 2.699280 -0.054914 -0.004119 0.006270 0.002185
30 3.774030 2.657360 -0.021291 -0.004201 0.005840 0.001755
31 3.766090 2.666360 -0.355829 -0.005848 0.005820 0.001955
32 3.675700 2.695510 -0.113002 -0.005782 0.004499 0.002348
33 3.641370 2.920340 0.096471 -0.006402 0.002472 0.002370
34 3.774970 2.500440 -0.215369 -0.007530 0.003317 0.001420
35 3.731550 2.735310 0.236110 -0.006406 0.001832 0.003324
