0 -0.425598 -0.829896 2.278960 0.027200 -0.003993 0.006003
1 0.038323 1.171430 3.715890 0.023655 -0.004837 0.004944
2 0.001437 0.914529 3.320490 0.021011 -0.003956 0.002696
3 0.089044 1.446850 1.396930 0.001681 -0.003510 0.005336
4 -0.000437 1.401780 1.310770 -0.000640 -0.003397 0.004689
5 0.007972 1.255770 1.616460 0.000935 -0.004483 0.003948
6 0.210535 0.879065 1.218580 -0.002813 -0.003450 0.003550
7 -0.001946 -0.010199 0.004066 0.000000 -0.000027 0.000000
8 3.575360 1.562640 1.750710 -0.001154 -0.000062 -0.001901
9 3.639420 1.670340 1.927950 -0.000482 -0.000120 -0.001722
10 3.512270 1.421310 1.863660 -0.001289 -0.000573 -0.002748
11 3.620540 1.662340 1.747440 -0.000812 0.000877 -0.001432
12 3.364730 1.816500 1.864570 -0.000608 0.000292 0.000000
13 3.323150 1.656130 2.013430 0.000770 -0.000634 -0.001561
14 0.354806 -0.751480 0.668746 0.006198 0.000736 -0.003630
15 3.798190 1.214350 2.324660 0.004739 0.001413 -0.003587
16 4.151910 0.865028 2.316050 0.003670 0.000693 -0.007436
17 3.904530 1.322110 2.320480 0.003342 0.000644 -0.003992
18 3.656340 1.262820 2.362910 0.004076 0.000242 -0.003864
19 3.858060 1.212680 2.343740 0.004022 0.000565 -0.004311
20 3.816010 1.105130 2.554240 0.005278 0.000060 -0.005275
21 0.254082 -0.939745 1.100290 0.010065 -0.000775 -0.004005
22 3.677060 1.047070 2.645460 0.004503 -0.001676 -0.005481
23 3.891930 0.794407 2.667830 0.005496 -0.001162 -0.006719
24 3.535700 1.453230 2.680230 0.007190 -0.000491 -0.002372
25 3.716600 1.100250 2.646920 0.006771 -0.000456 -0.004718
26 3.242200 1.551280 2.514190 0.007058 0.000312 -0.001366
27 3.687930 1.300050 2.554020 0.007557 0.000761 -0.002821
28 0.543545 -0.750691 0.020849 0.015610 0.008378 -0.000000
29 3.993520 1.288300 1.075940 0.003658 0.006271 -0.001642
30 4.072760 1.267610 1.158820 0.003727 0.005953 -0.001933
31 3.861570 1.289340 1.157260 0.003499 0.005623 -0.001047
32 3.832010 1.194230 1.518610 0.012530 0.007666 -0.001166
33 3.470860 1.694090 1.632120 0.005704 0.003239 0.002475
34 3.985600 1.118900 1.226570 0.002330 0.003195 -0.002418
35 3.919260 1.451320 1.369060 0.003498 0.004351 -0.000118
