0 0.016976 -0.078490 0.085131 0.000375 -0.000363 -0.000414
1 3.549090 1.471330 2.083680 0.000488 -0.000833 -0.002835
2 3.282460 1.663750 1.800660 -0.001983 -0.000565 -0.001376
3 3.368760 1.865430 1.358520 -0.006231 -0.000553 -0.000769
4 3.404260 1.817780 1.444120 -0.006112 -0.000294 -0.001307
5 3.596240 1.709490 1.423370 -0.005592 0.000254 -0.002245
6 3.576730 1.640390 1.416790 -0.005970 -0.000446 -0.002842
7 0.445015 0.858778 -2.225660 -0.027269 0.003712 -0.006360
8 2.893480 2.741860 0.569710 -0.014817 0.001875 -0.004610
9 3.316440 1.295790 1.316790 -0.003885 0.004035 -0.006506
10 3.329860 2.607530 0.650458 -0.012720 0.003177 -0.007426
11 3.011770 2.826530 0.867791 -0.011567 0.002993 -0.003009
12 2.434660 2.240320 0.834412 -0.009927 0.003615 -0.005157
13 2.997120 2.558640 0.551363 -0.012296 0.003809 -0.004646
14 0.916055 0.083703 -1.678400 -0.021324 0.005010 -0.010480
15 3.756810 2.194030 -1.742590 -0.021793 0.005425 -0.009584
16 3.517300 2.913860 -1.623410 -0.021340 0.005324 -0.004277
17 4.151990 1.969150 -1.799730 -0.022349 0.005667 -0.011756
18 3.550830 2.433760 -1.704620 -0.021870 0.005296 -0.008645
19 2.938970 2.412740 -1.760750 -0.021541 0.005702 -0.007770
20 3.784210 2.348200 -1.728990 -0.022184 0.005202 -0.008355
21 0.830565 -0.221775 -1.067230 -0.016487 0.003094 -0.011118
22 3.483140 2.286050 -0.322659 -0.013012 0.003383 -0.008585
23 3.594590 2.358550 -0.824014 -0.015446 0.002980 -0.007776
24 3.425410 2.454900 -0.873180 -0.016583 0.002225 -0.006846
25 2.666440 2.680910 -1.011240 -0.017015 0.002855 -0.004771
26 3.634590 2.022570 -0.639843 -0.014740 0.002651 -0.009359
27 2.662540 2.516510 -1.134050 -0.016755 0.003365 -0.005938
28 0.975760 0.157131 -2.355900 -0.012373 0.012480 -0.006121
29 3.491790 2.054310 0.354771 -0.005520 0.004885 -0.005688
30 3.717770 2.064890 0.117335 -0.005661 0.008950 -0.004968
31 3.913210 2.036710 0.313006 -0.004988 0.006875 -0.005148
32 3.669760 1.930660 0.296533 -0.004587 0.009443 -0.005153
33 3.659160 2.155000 0.397612 -0.005209 0.005502 -0.004817
34 3.806680 2.217960 0.119819 -0.006626 0.005837 -0.003724
35 3.697710 2.073310 0.168877 -0.005926 0.005242 -0.005927
