0 -0.327175 0.170753 0.047873 0.000970 -0.000754 0.000680
1 3.009350 2.413650 1.991740 0.000909 -0.000785 0.001654
2 2.994160 2.018140 2.226330 0.003494 -0.001552 -0.000573
3 2.976090 2.220950 1.877330 0.001009 -0.000722 0.000723
4 3.288840 2.238780 1.900840 0.000835 -0.000610 0.000731
5 2.772010 2.417450 1.946270 0.000382 -0.000863 0.001928
6 0.000000 0.000000 0.000000 0.000000 -0.000000 0.000000
7 3.101470 1.999740 1.830130 -0.000047 0.000319 -0.000803
8 3.176160 2.037240 1.715020 0.000029 -0.000000 0.000198
9 2.541730 2.036700 1.867610 0.000530 0.000343 0.000000
10 3.270600 2.148560 1.940110 0.000058 0.000109 -0.000073
11 3.217420 2.047080 1.591100 -0.001936 0.000000 0.000000
12 -0.101971 0.296820 -0.314334 -0.003494 0.000282 0.000000
13 3.232230 2.400640 1.577700 -0.002673 0.000509 -0.000434
14 3.344850 2.476740 1.521290 -0.003283 0.000839 0.000268
15 3.176280 2.522570 1.554580 -0.002508 0.000253 0.000000
16 3.402300 2.158920 1.629900 -0.002909 -0.000009 -0.002623
17 3.270450 2.405590 1.442120 -0.003802 0.000922 -0.000553
18 3.269700 2.675270 1.737550 -0.002200 -0.000323 0.001584
19 -0.097384 0.453881 -0.636898 -0.006783 0.000000 -0.000743
20 3.180880 2.529400 1.403320 -0.003477 -0.000842 -0.000480
21 3.229390 2.535220 1.633660 -0.003434 -0.001171 -0.000667
22 3.386600 2.237890 1.324110 -0.005826 0.000225 -0.002378
23 3.440610 2.315600 1.598130 -0.003075 -0.001886 -0.001764
24 3.357890 2.299100 1.271190 0.000066 0.001005 -0.001408
25 3.264740 2.445860 1.079090 -0.005761 0.000701 -0.000848
26 0.027449 0.246597 -0.797299 -0.008231 0.000000 -0.002150
27 3.288200 2.806880 1.084580 -0.006781 0.000591 0.000432
28 3.219320 2.861980 0.933277 -0.007934 0.000523 0.001254
29 3.409580 2.666560 1.262820 -0.002075 0.000691 0.000816
30 3.399120 2.324820 0.984617 -0.003875 0.001557 -0.000902
31 3.329020 2.611810 1.095350 -0.006355 0.000806 0.000281
32 3.223720 2.793850 1.297470 -0.005934 -0.000643 0.001212
33 3.387120 2.406290 1.067730 -0.003671 0.000632 -0.000047
