0 0.000000 0.000000 0.000000 0.000000 -0.000000 0.000000
1 3.118760 1.983880 1.823810 -0.000350 0.000444 -0.000013
2 3.348680 1.985500 1.739510 -0.000462 0.000198 -0.000499
3 2.783130 1.941130 1.752590 -0.000753 0.000264 -0.000445
4 2.608710 1.945040 1.763590 0.000281 0.000371 -0.000309
5 3.424610 2.030470 1.776080 -0.000983 -0.000071 0.000141
6 2.750060 1.914430 1.753580 0.000569 0.000856 -0.000771
7 0.393714 -0.240012 -0.051661 -0.000594 0.001112 -0.000965
8 3.503770 2.288380 1.941270 -0.000273 0.001004 0.001191
9 3.823400 1.979360 1.921260 -0.000222 0.001095 -0.000650
10 3.618020 2.243210 1.808750 -0.000796 0.001240 0.000997
11 3.533560 2.378320 1.980870 0.000366 0.001004 0.001502
12 3.493820 2.010690 1.746660 -0.000153 0.001544 -0.000268
13 3.314860 2.319110 1.837600 -0.000394 0.001638 0.000762
14 0.381180 -0.041918 -0.320334 -0.003581 0.001339 -0.001244
15 3.368310 2.137510 1.701810 -0.002304 0.001354 -0.000468
16 3.943790 1.958130 1.468860 -0.003147 0.001526 -0.002243
17 3.772670 2.270280 1.411460 -0.000334 0.004054 0.000549
18 3.827290 2.112800 1.670790 -0.002751 0.000706 -0.001462
19 3.739780 2.072160 1.542510 -0.002983 0.001420 -0.001338
20 3.717360 2.191050 1.737330 -0.002394 0.000958 -0.000384
21 0.378529 0.143212 -0.693771 -0.008126 0.000237 -0.002646
22 2.942590 2.872070 1.657340 -0.005141 -0.004216 0.000752
23 3.540400 2.604400 1.221450 -0.006371 0.000245 -0.001202
24 2.885780 2.749100 1.765510 -0.003374 -0.002654 0.000282
25 3.584050 2.531460 1.748380 -0.003367 -0.002091 -0.000883
26 3.516140 2.539580 1.279540 -0.004856 0.000163 -0.000591
27 3.720890 2.690910 1.305060 -0.006356 0.000376 -0.000784
28 0.496094 -0.017712 -0.843239 -0.008958 0.000712 -0.003499
29 3.904910 2.413660 1.212490 -0.006662 0.001116 -0.002613
30 3.586930 2.806630 0.953173 -0.008035 0.001322 0.000778
31 3.758170 2.421870 0.822233 -0.003675 0.001491 -0.000409
32 3.711390 2.368590 0.708568 -0.004840 0.001597 -0.001045
33 3.672760 2.521090 1.010620 -0.007026 0.001658 -0.000565
34 3.889240 2.565440 1.027590 -0.005617 0.001251 0.000042
35 3.005700 2.669370 1.094940 -0.005673 -0.003270 0.000476
