0 0.083724 -0.366687 -0.408637 0.001157 0.000000 -0.001228
1 3.525440 1.982300 1.363430 0.001132 0.001098 -0.001397
2 3.391130 1.846370 1.316620 0.000246 0.000728 -0.001648
3 2.202550 2.099430 0.740681 -0.000220 -0.000520 0.000417
4 3.233390 1.853650 1.586260 0.001135 -0.000082 -0.000875
5 2.913060 2.234290 1.582360 0.000977 -0.000602 0.000666
6 3.051010 2.180700 1.335710 -0.000249 0.000598 0.000822
7 0.000000 0.000000 0.000000 0.000000 -0.000000 0.000000
8 2.519350 1.998770 1.494000 -0.000669 0.000701 -0.000171
9 2.590410 2.091930 1.530470 0.000039 0.000484 -0.000003
10 2.497320 2.084530 1.511370 -0.000758 0.000012 0.000757
11 2.511410 2.136020 1.591530 0.000501 0.000398 0.000351
12 2.631660 2.023150 1.588210 0.000020 0.000511 -0.000000
13 2.560640 2.089620 1.536600 0.000071 0.001175 -0.000193
14 0.135772 -0.087803 -0.277376 0.001163 0.002821 0.001034
15 3.330200 2.246500 1.113520 -0.000788 0.003698 0.001885
16 3.540890 1.997270 1.288380 0.000777 0.003752 0.000842
17 3.818290 2.052710 0.458482 -0.001163 0.006543 0.000759
18 3.414710 1.921050 1.308480 0.000441 0.003118 -0.000562
19 3.438780 2.023200 1.460220 0.000839 0.003129 0.000729
20 0.462537 -0.834010 0.454176 0.004588 0.001054 -0.004671
21 3.145750 1.871990 1.741820 0.003476 0.002396 -0.001990
22 3.192230 1.947330 1.893730 0.002912 0.001884 -0.000632
23 3.495460 1.704820 1.678330 0.003276 0.003179 -0.002907
24 3.291110 1.473000 1.988030 0.003386 0.001875 -0.003650
25 2.561850 2.751370 1.641500 0.001819 0.002939 0.004196
26 -2.492060 3.153310 -2.057610 0.003763 0.018791 0.028138
27 1.382370 4.248020 -0.624477 0.000913 0.019309 0.018445
28 1.528620 3.672800 -0.408845 0.001572 0.018498 0.015957
29 1.905840 2.753430 -3.068420 -0.011310 0.019757 0.007592
30 1.851730 2.204020 -2.505580 -0.008908 0.019055 0.007287
31 1.468780 2.678160 -1.864530 -0.006530 0.017225 0.008116
