0 0.000000 0.012622 -0.024528 -0.000194 -0.000000 0.000000
1 2.412580 1.952050 1.650840 -0.000051 0.000552 -0.000666
2 2.603710 2.224310 1.617980 -0.001058 -0.000080 0.000792
3 2.396950 2.099460 1.398840 -0.000991 0.000978 -0.000058
4 2.711960 2.124990 1.701190 -0.000485 -0.000398 0.000638
5 2.314690 2.347520 1.645160 0.000170 -0.000000 0.001890
6 2.433620 2.102180 1.532970 -0.000895 0.000326 -0.000000
7 -0.157711 0.394433 0.392142 -0.001272 0.000069 0.001740
8 2.567380 2.708460 0.737291 -0.002946 -0.000497 0.003586
9 2.234010 3.028880 1.119230 -0.005962 -0.005133 0.004499
10 2.405720 2.433230 1.279100 -0.003164 -0.002496 0.001960
11 2.650690 2.468830 1.644290 -0.000999 -0.003593 0.002081
12 3.317540 2.334390 0.924990 -0.000911 0.000856 0.000292
13 2.627630 2.333540 1.454100 -0.000584 -0.000336 0.000640
14 -0.079590 0.424225 0.143967 -0.000725 0.002084 0.002600
15 2.705190 2.658500 -0.435940 -0.003017 0.004867 0.002897
16 3.517200 2.252020 -0.527049 -0.009152 0.004075 -0.000587
17 2.999880 2.414980 -0.188656 -0.002812 0.002324 0.001350
18 3.237220 2.362570 0.082524 -0.004475 0.007475 0.000383
19 3.410480 2.392710 -0.963368 -0.007702 0.009219 0.000844
20 3.344980 2.366300 1.276340 -0.000349 0.001420 0.002206
21 0.493233 -0.639104 0.835035 0.003308 0.001208 -0.004329
22 2.663910 2.404580 0.869209 -0.004009 -0.000071 0.000183
23 3.247350 2.059810 0.665130 -0.004259 0.003059 -0.001200
24 3.090020 2.042830 1.702940 0.000493 0.002223 -0.001574
25 3.962980 1.676620 0.889006 -0.000247 0.006376 -0.002810
26 2.730690 2.950280 0.946935 -0.005361 0.002368 0.004053
27 2.414160 3.196620 0.305063 -0.004355 0.004998 0.005380
28 -2.654520 3.429970 -1.548500 0.003056 0.018437 0.029562
29 1.263070 3.909510 -1.591050 -0.007148 0.015445 0.015014
30 1.309180 3.808580 -1.403960 -0.005234 0.015741 0.014736
31 1.257500 3.664160 -1.527020 0.002117 0.017747 0.017037
32 1.849820 4.902170 -6.539710 -0.034789 0.024880 0.008684
33 1.574810 2.937730 -3.341780 -0.014321 0.019800 0.009047
34 1.533020 2.867510 -2.647720 -0.009657 0.019053 0.010441
35 1.363280 2.949580 -2.542050 -0.009901 0.018138 0.008835
