0 -0.117543 0.005807 -0.429227 -0.002272 -0.001701 0.000000
1 3.302580 2.590470 1.395100 -0.002207 -0.000828 -0.000508
2 3.374500 2.505710 1.443860 -0.002549 -0.001536 -0.000521
3 3.514020 2.497390 1.466670 -0.001701 -0.000856 0.000930
4 3.455130 2.327390 1.408150 -0.002963 -0.001771 -0.001007
5 3.302160 2.379390 1.493990 -0.002491 -0.002004 -0.001099
6 3.390380 2.327370 1.346700 -0.003205 -0.001320 -0.000493
7 0.000000 0.000000 0.000000 0.000000 -0.000000 0.000000
8 3.474630 2.080050 1.634040 -0.000448 -0.000000 -0.000809
9 3.233880 2.153620 1.614870 -0.000555 -0.000614 0.000000
10 3.500480 2.048850 1.582550 -0.000702 0.000155 -0.001179
11 3.380710 2.142310 1.798980 0.000448 0.000032 -0.000211
12 3.428050 2.207670 1.712100 -0.000752 0.000421 0.000085
13 3.438580 2.271050 1.689000 -0.000127 0.000151 -0.000267
14 -0.145366 -0.115068 0.697210 0.002779 -0.001576 -0.000000
15 3.394780 2.145860 2.126050 0.001773 -0.000504 -0.001765
16 3.491440 2.482800 1.347010 -0.000931 -0.001255 0.000278
17 3.280800 2.530190 2.152970 0.000732 -0.001470 0.001579
18 3.496110 2.480880 1.023450 -0.000353 0.000541 0.000125
19 3.313700 2.356160 1.469770 -0.001120 -0.001587 -0.000611
20 3.226580 2.503870 2.232130 0.002614 -0.001277 0.001651
21 -0.327492 0.472101 0.153559 -0.002555 -0.002119 0.001141
22 3.215760 2.966820 0.588582 -0.003013 0.001215 0.000833
23 2.922290 3.272260 0.752278 -0.005183 -0.002523 0.003480
24 2.924720 3.441480 0.998007 -0.007023 -0.004630 0.003987
25 2.729800 3.143400 1.618790 -0.005139 -0.008020 0.003035
26 2.937800 3.443860 1.214070 -0.005521 -0.004768 0.003355
27 -0.906629 0.956221 -0.196864 -0.006532 -0.005865 0.003920
28 3.065920 2.726340 1.495890 -0.006879 -0.004555 -0.000638
29 2.928650 2.622210 1.592760 -0.005956 -0.004691 0.000323
30 2.984440 2.885410 1.500680 -0.007198 -0.004887 0.001274
31 2.715210 2.748430 1.324180 -0.008239 -0.004919 0.000712
32 2.883820 2.783220 1.626900 -0.006605 -0.005807 -0.000399
33 2.958470 2.554160 1.529500 -0.006771 -0.005360 -0.000416
34 2.959890 2.533080 1.309770 -0.007314 -0.004665 -0.000646
