0 0.000000 0.000000 0.000000 0.000000 -0.000000 0.000000
1 3.422020 2.098240 1.808340 0.000038 0.000000 -0.000000
2 3.441510 2.116480 1.625780 -0.000308 0.000760 -0.000102
3 3.448860 2.073940 1.798830 -0.000481 -0.000493 -0.000735
4 3.434920 2.090470 1.748480 -0.000326 0.000000 0.000000
5 3.440770 2.199780 1.890170 -0.000248 -0.000332 0.000000
6 3.432390 2.059430 1.626950 -0.001012 0.000341 -0.000950
7 0.082421 -0.053648 0.530935 0.002531 0.001196 -0.000000
8 3.733940 2.239560 2.112840 0.001597 0.001382 -0.000860
9 3.583640 2.208630 1.748970 0.001332 0.002003 -0.001703
10 3.641050 2.051450 1.208040 0.000890 0.002714 -0.002529
11 3.448780 2.322430 2.317900 0.002036 0.000795 -0.000305
12 3.510950 2.436350 2.006940 0.001928 0.002019 0.000517
13 3.655670 2.353720 2.296520 0.002544 0.001206 -0.000205
14 -0.034236 -0.185348 1.239410 0.005736 -0.000000 0.000000
15 3.521160 2.237740 1.630350 0.003910 0.002598 -0.001150
16 3.631350 2.008400 1.890880 0.003547 -0.000123 -0.001878
17 3.467540 2.325470 2.501480 0.002697 -0.001061 0.000112
18 3.766640 2.140840 1.588510 0.003373 0.004202 -0.002691
19 3.555290 2.211500 1.672800 0.002504 0.003099 -0.000258
20 3.554080 2.254020 1.322360 0.004130 0.003999 -0.000380
21 -0.227069 0.356912 0.725131 0.001032 -0.000423 0.001239
22 3.355620 2.635580 0.967652 0.001071 0.004535 -0.000524
23 3.242300 3.197590 1.187890 -0.001873 -0.002492 0.003393
24 2.877680 3.333390 1.439370 -0.000027 -0.000978 0.005184
25 3.224970 2.836790 1.412090 -0.000179 -0.001125 0.000928
26 2.885790 3.091850 1.684000 -0.001616 -0.004482 0.003280
27 3.065580 2.945860 1.470180 -0.002772 0.000454 0.001302
28 -0.851872 0.956500 0.277764 -0.004465 -0.004775 0.004072
29 2.956480 2.735140 1.845610 -0.004464 -0.004259 0.000603
30 2.968420 2.713630 1.790870 -0.004515 -0.003481 0.000343
31 2.753750 2.953820 1.762920 -0.005620 -0.003847 0.002646
32 2.978880 2.542600 1.818370 -0.004968 -0.003959 -0.001296
33 2.869880 2.618400 2.074340 -0.003795 -0.004742 -0.000156
34 2.646180 2.977440 1.548090 -0.005391 -0.003794 0.003079
35 2.897700 2.777350 0.869224 -0.002321 -0.002866 0.000560
