0 -0.240562 0.278980 -0.110227 -0.003737 -0.001975 -0.000000
1 3.336360 2.507120 1.694160 -0.003142 -0.000961 -0.000504
2 3.332500 2.529310 1.628180 -0.003554 -0.001911 -0.000493
3 3.181020 2.455520 1.912610 -0.003287 -0.002710 0.000181
4 3.297430 2.481360 1.857580 -0.003643 -0.003398 0.000068
5 3.339110 2.709980 1.828560 -0.002675 -0.002114 0.001469
6 3.260180 2.328490 1.692180 -0.002639 -0.002296 -0.000447
7 0.021710 0.000000 -0.040696 0.000000 0.000316 0.000000
8 3.370840 2.069660 1.845610 0.000949 0.000405 -0.000922
9 3.412450 2.124650 1.656130 -0.000601 0.000359 -0.000000
10 3.436550 2.126110 1.906430 -0.000373 -0.000607 -0.000219
11 3.442190 1.959280 1.840460 0.000434 0.000450 -0.001241
12 3.487880 1.998780 1.783840 0.001434 0.000296 -0.000313
13 3.271460 2.085200 1.760120 0.001071 0.000122 0.000032
14 0.124559 -0.493810 0.555762 0.005497 0.000803 -0.000504
15 3.910220 1.643860 2.199690 0.003475 0.000736 -0.003122
16 3.811400 1.724540 2.201890 0.003429 0.000501 -0.003275
17 3.803090 1.741120 1.978330 0.003300 0.001810 -0.002584
18 3.781510 1.905710 1.960280 0.002581 0.001205 -0.001696
19 3.743170 1.870460 1.878760 0.001884 0.001285 -0.001775
20 3.683780 1.960680 2.103460 0.002965 0.001015 -0.000937
21 0.362066 -0.030974 -0.379325 0.000000 0.003858 -0.001382
22 4.002280 2.114600 1.540920 0.000842 0.003392 -0.002346
23 3.926230 2.038240 1.206740 -0.000497 0.004127 -0.003862
24 4.099740 1.986490 1.432260 0.000061 0.003517 -0.004597
25 3.974350 2.197530 1.155000 -0.001231 0.004933 -0.002797
26 3.976140 2.247010 1.185170 -0.000660 0.003857 -0.002397
27 4.025550 1.926990 1.495400 0.001227 0.004421 -0.004235
28 0.660103 -0.465933 -0.460253 -0.000561 0.004167 -0.005241
29 4.128340 1.936670 1.436590 -0.001315 0.003479 -0.004874
30 3.992340 2.024790 1.453060 -0.000999 0.003462 -0.004012
31 3.917950 1.882330 1.494300 -0.000897 0.003650 -0.004094
32 3.926320 1.925730 1.368090 -0.001745 0.003425 -0.004373
33 3.657030 2.223510 1.398950 -0.001142 0.003365 -0.003046
34 3.742460 1.893310 1.391300 -0.001320 0.003744 -0.004901
35 3.893900 2.021580 1.269680 -0.001351 0.004291 -0.003934
