0 -0.033641 0.008284 0.027857 0.000007 -0.000167 0.000088
1 3.334580 2.036790 1.774080 -0.000291 -0.000173 -0.000545
2 3.263170 2.059210 1.677570 -0.000111 0.000251 -0.000984
3 3.333330 2.039260 2.132610 0.001527 -0.001087 -0.000318
4 3.505460 2.009170 1.992330 0.000645 -0.000245 -0.000974
5 3.400940 2.008460 1.683470 0.000860 0.001621 -0.000717
6 3.296010 2.033270 1.816200 0.000424 0.000060 -0.000365
7 0.251720 -0.248039 0.016461 0.003607 0.002450 -0.000000
8 3.816770 2.173880 1.619970 0.001935 0.002561 -0.000365
9 3.727350 2.145070 1.908850 0.002887 0.002111 0.000091
10 3.818680 2.128200 1.771030 0.002534 0.002583 -0.000389
11 3.846600 1.825880 1.950620 0.004318 0.002900 -0.001453
12 3.953830 1.844760 1.935900 0.004379 0.002565 -0.001871
13 3.651770 1.820470 2.263570 0.005325 0.000918 -0.001054
14 0.337366 -0.796773 0.775969 0.009919 0.002593 -0.000569
15 3.866460 1.473000 2.290580 0.007162 0.002921 -0.002152
16 4.024470 1.416600 2.318460 0.007224 0.002864 -0.002456
17 3.985860 1.586940 2.242970 0.007293 0.003125 -0.001475
18 3.912710 1.704190 2.248240 0.006641 0.002654 -0.001439
19 4.098480 1.581230 2.004960 0.005993 0.003484 -0.002683
20 3.932450 1.695440 2.195120 0.006312 0.002592 -0.001165
21 0.544722 -0.304826 -0.222786 0.004067 0.005750 -0.001152
22 3.964440 1.872290 1.416250 0.003682 0.006151 -0.002378
23 4.296620 1.828060 1.510610 0.003545 0.005812 -0.003710
24 4.082180 1.874810 1.684420 0.004776 0.005693 -0.002284
25 4.149550 2.012570 1.473560 0.003044 0.005972 -0.001503
26 4.122520 1.900450 1.562050 0.003263 0.005287 -0.002261
27 4.371410 1.798690 0.107495 0.004078 0.012729 -0.003259
28 0.927321 -0.741058 -0.456597 0.003278 0.006913 -0.005101
29 4.182510 1.582340 1.450500 0.002274 0.005652 -0.005446
30 4.212340 1.843010 1.423910 0.003059 0.006290 -0.003150
31 4.389720 1.586230 1.403580 0.002071 0.006372 -0.005251
32 4.281100 1.645400 1.377260 0.002188 0.006326 -0.004732
33 4.343580 1.584560 1.521090 0.003111 0.005875 -0.005037
34 4.247050 1.708210 1.368040 0.002199 0.006243 -0.004685
35 4.158570 1.611740 1.317220 0.002422 0.007055 -0.005230
