0 0.613176 -1.316890 0.084408 0.008663 0.004562 -0.002457
1 3.386420 0.887559 2.396660 0.007650 0.001308 -0.001886
2 2.604440 0.483838 2.987710 0.008979 -0.003145 0.000619
3 2.889740 0.833229 3.027580 0.008372 -0.005115 -0.000743
4 3.274670 0.787821 2.705740 0.007841 -0.001646 -0.001915
5 3.871420 0.939384 2.341420 0.009245 0.001856 -0.001521
6 3.216420 0.637422 2.558220 0.007462 -0.000951 -0.001745
7 -0.041365 0.000037 0.071204 0.000000 -0.000571 0.000000
8 3.073580 2.528940 2.199010 0.001370 -0.000571 0.000843
9 3.245850 2.227740 2.194060 0.001113 -0.000965 -0.002256
10 3.274650 2.520690 2.130520 0.001041 -0.000417 0.000106
11 3.483150 2.182680 2.241810 0.001165 -0.000858 -0.003028
12 3.190830 2.703610 2.152160 0.000982 -0.000393 0.000178
13 3.210010 2.975260 2.075640 0.000038 -0.000959 0.001317
14 -0.131818 0.812738 -0.050140 -0.005902 -0.003194 0.000000
15 3.182540 2.419010 2.091380 -0.002725 -0.002345 -0.003405
16 3.179790 2.891760 1.610370 -0.005944 -0.002945 -0.001104
17 3.202910 2.459250 1.993600 -0.004034 -0.002763 -0.003631
18 3.077180 3.548640 1.870270 -0.005428 -0.003002 0.001161
19 3.404950 2.647980 1.511810 -0.006142 -0.002751 -0.002198
20 3.211280 3.224390 2.038520 -0.003791 -0.003523 0.000830
21 -0.073155 0.997630 -0.336344 -0.008628 -0.003252 0.000000
22 3.640770 2.818480 1.746050 -0.005620 -0.002117 -0.003861
23 3.386390 2.977370 1.892950 -0.006274 -0.003647 -0.000876
24 2.595700 3.932330 1.776760 -0.006586 -0.003659 0.004684
25 3.149420 2.927690 1.920860 -0.006350 -0.003474 -0.000964
26 3.389680 2.867170 1.875410 -0.007235 -0.004024 -0.002139
27 2.989460 3.139320 1.861560 -0.004996 -0.002503 -0.000545
28 -0.261524 1.173880 -0.133538 -0.010000 -0.005719 -0.000000
29 3.853640 2.899740 0.810592 -0.002943 0.000455 -0.001757
30 3.709220 3.171390 0.398360 -0.008829 0.001875 -0.001077
31 3.016370 4.107500 1.716400 -0.008458 -0.004729 0.002349
32 3.505600 3.006480 1.825480 -0.003679 -0.001291 -0.002824
33 3.093230 3.739170 1.963210 -0.007121 -0.005112 0.002103
34 3.135400 3.875450 1.978190 -0.008268 -0.005782 0.001757
35 2.766960 4.604930 1.924190 -0.007649 -0.004767 0.005946
