0 0.000000 0.000000 0.000000 0.000000 -0.000000 0.000000
1 3.348570 2.727950 2.153620 0.000121 -0.001125 0.000000
2 3.398570 2.272960 2.117520 0.001133 -0.000047 -0.001111
3 3.271300 2.316060 2.070020 0.001015 0.000366 0.000162
4 3.286770 2.482390 2.072360 0.000691 -0.000012 -0.000282
5 3.361700 2.638790 2.095220 0.000752 -0.000173 0.000401
6 3.254970 2.699220 1.986360 0.000697 0.000538 -0.000000
7 -0.600933 1.280010 0.005251 -0.008197 -0.004619 0.002482
8 3.240860 3.155800 2.342110 -0.005112 -0.005302 -0.002619
9 2.865460 3.480890 2.145450 -0.006631 -0.004493 -0.001785
10 2.986550 3.497160 2.116250 -0.006673 -0.004482 0.001599
11 3.095040 3.094760 2.209530 -0.006462 -0.005439 -0.001175
12 2.863330 3.904860 2.199970 -0.006232 -0.005040 0.002204
13 2.583510 4.099880 2.236320 -0.006216 -0.004936 0.003088
14 -0.765572 2.024630 -0.030962 -0.014181 -0.008158 0.002522
15 2.865420 3.949510 0.355915 -0.011166 -0.007887 -0.001341
16 3.550430 1.024420 2.304620 -0.001258 -0.007737 -0.008389
17 2.589430 4.103030 1.865830 -0.011676 -0.007599 0.003133
18 2.651770 4.059060 2.044140 -0.010896 -0.007904 0.002870
19 2.456660 2.308820 0.433078 -0.011020 -0.008265 0.000766
20 3.374820 3.250160 1.514320 -0.004387 -0.002899 -0.001536
21 -0.722041 2.246200 -0.394593 -0.017525 -0.008198 0.002581
22 2.557480 2.840920 2.272040 -0.002688 -0.007496 -0.002928
23 3.600430 3.813990 0.709572 -0.010050 -0.000048 -0.003266
24 3.521090 3.907460 1.327310 -0.015331 -0.006558 -0.003734
25 2.735210 4.341560 1.130180 -0.007745 -0.006353 0.003313
26 2.569970 4.114210 2.254450 -0.010098 -0.009077 0.001286
27 2.810110 3.733200 2.530120 -0.000932 -0.007497 0.000686
28 -0.851540 2.342840 -0.079800 -0.018172 -0.010574 0.002299
29 2.665640 2.634770 0.215011 -0.016139 -0.010894 0.001672
30 2.670870 2.394260 1.517620 -0.006058 -0.007394 0.002473
31 2.673320 4.585640 2.158840 -0.013055 -0.009960 0.002769
32 2.568270 4.158420 3.036140 -0.000958 -0.010873 0.002394
33 2.716080 4.229870 2.112280 -0.004701 -0.008410 0.002110
34 3.196430 1.839700 2.604500 -0.002233 -0.008669 -0.003101
35 2.616190 4.768060 2.473670 -0.003541 -0.009845 0.005806
