0 -0.114470 0.141086 -0.105143 -0.000702 -0.000729 0.000000
1 3.490420 2.436190 1.672420 -0.001291 -0.000562 0.000342
2 3.577530 2.363310 1.456260 -0.002007 -0.001362 -0.000425
3 3.402470 2.373400 1.598650 -0.001258 -0.000667 0.000691
4 3.516660 2.190500 1.596680 -0.001912 -0.001293 -0.001024
5 3.420480 2.372950 1.629940 -0.001497 -0.000981 0.000190
6 3.320430 2.405840 1.493180 -0.003001 -0.001038 0.000867
7 0.000000 0.000000 0.000000 0.000000 -0.000000 0.000000
8 3.338650 1.879330 1.783200 0.000704 -0.000078 -0.000854
9 3.453590 2.006290 1.621410 -0.000775 0.000330 -0.000000
10 3.484010 1.919150 1.702820 -0.000901 -0.000845 -0.000951
11 3.580990 1.852880 1.612860 -0.000238 0.000016 -0.000781
12 3.535270 1.856640 1.604410 -0.000437 0.000788 -0.001074
13 3.476540 1.951050 1.571950 -0.000501 0.000536 -0.000702
14 0.197464 -0.273683 0.352224 0.002151 0.001162 0.000000
15 3.785840 1.855090 1.879830 0.001497 0.002001 -0.000750
16 3.535210 1.762770 1.929100 -0.001044 -0.002297 -0.002339
17 3.827600 1.830920 1.906710 0.001200 0.000874 -0.001217
18 3.694950 1.974520 1.928590 0.001080 0.000685 -0.000604
19 3.720000 1.816370 1.850260 0.000851 0.001074 -0.000803
20 3.753980 2.012950 2.106370 0.001585 -0.000195 0.000472
21 0.322049 -0.057901 0.559871 0.002540 0.001012 0.000513
22 3.884010 2.149660 0.947316 -0.001054 0.001880 -0.001740
23 3.657970 2.209080 1.480460 -0.000526 0.000695 -0.001128
24 3.466320 1.834340 1.917890 0.000788 0.001937 -0.002899
25 3.771010 2.170910 2.076030 0.001296 0.000052 -0.000689
26 3.834630 2.221820 2.028610 0.000418 -0.000218 0.000713
27 3.926030 1.949030 1.997870 0.002036 0.000876 -0.002742
28 0.143786 -0.190590 1.033210 0.004560 -0.000000 0.002387
29 3.431710 1.886990 1.613290 0.005262 0.002610 0.000780
30 3.501930 1.845300 2.640120 0.004499 0.000192 0.000233
31 3.665410 1.960490 2.551600 0.003708 -0.000771 0.000878
32 0.810906 2.114660 0.601157 0.001848 0.000670 0.002260
33 3.532300 2.095910 2.456520 0.003788 -0.000092 0.002373
34 3.477100 2.176720 2.519630 0.003545 0.000400 0.002529
35 3.625100 2.237620 2.714610 0.004701 -0.000595 0.002408
