0 0.000000 0.000000 0.000000 0.000000 -0.000000 0.000000
1 3.474150 1.818640 1.843240 -0.000316 -0.001510 -0.000643
2 3.593140 1.893800 1.621410 -0.001499 -0.000800 -0.000983
3 3.578750 1.892500 1.821470 0.000689 -0.000000 -0.000278
4 3.601950 1.990010 1.602890 -0.000415 0.000261 0.000068
5 3.489930 1.915420 1.752950 0.000543 -0.000783 -0.000350
6 3.363680 1.826400 1.617650 -0.000753 -0.000157 -0.000692
7 0.170523 -0.176893 0.158739 0.001722 0.001060 0.000074
8 3.812740 1.855680 1.952530 0.001639 0.001002 -0.000493
9 3.851350 1.797470 2.010930 0.001622 0.000600 -0.000677
10 3.753090 1.818680 1.970510 0.001543 0.000337 -0.000521
11 3.910350 1.824080 1.972200 0.001355 0.000610 -0.001057
12 3.824490 1.798830 2.031510 0.001496 0.001009 -0.001209
13 3.671410 1.943900 2.117010 0.002324 0.000456 -0.000399
14 0.198804 -0.260117 0.354936 0.002104 0.001215 0.000255
15 3.836060 1.948240 1.779330 0.001207 0.002216 -0.000372
16 3.722450 1.830760 1.806390 0.001198 0.001416 -0.001680
17 3.759740 2.082620 1.796900 0.001268 0.000751 -0.000104
18 3.958000 1.779230 2.012370 0.001456 0.000968 -0.001211
19 3.799860 2.099090 1.990820 0.001653 0.001338 0.000389
20 3.966280 1.955780 2.012860 0.001661 0.001250 -0.000194
21 0.270284 -0.078589 0.720646 0.003495 0.001050 0.001231
22 3.521430 2.107540 1.934930 0.003038 0.002385 -0.000243
23 3.380220 2.068230 0.656964 0.004775 0.004498 0.001004
24 3.777150 2.096650 2.220890 0.002769 0.000621 -0.000471
25 3.642040 2.325700 2.292020 0.002437 0.000282 0.001714
26 3.865980 2.045210 2.284000 0.002522 0.000227 -0.000250
27 3.761590 2.235340 2.257840 0.002578 -0.000011 0.000885
28 0.129005 -0.203220 1.084410 0.005097 0.000357 0.002882
29 3.381370 1.829700 2.274930 0.004452 -0.000180 0.001252
30 3.257530 1.936270 1.748490 0.004668 0.003093 0.001235
31 3.868730 2.100480 2.527160 0.004258 0.000305 0.002049
32 3.142970 1.969740 1.856020 0.005621 0.000470 0.002329
33 3.556750 1.936090 2.791970 0.005493 -0.001215 0.001987
34 3.629820 2.071660 2.513150 0.004830 0.000932 0.002597
35 3.298390 2.242160 2.063070 0.008806 0.003770 0.003431
