0 -0.168840 -0.068895 -0.757907 0.002646 0.002056 0.002617
1 2.688670 2.332980 0.947830 0.001483 0.001710 0.003776
2 2.912660 2.200130 0.820411 0.001187 0.001738 0.002805
3 3.405110 2.136940 0.986592 0.001237 0.001410 0.002089
4 3.356430 1.911820 0.794176 0.000823 0.002060 -0.000122
5 2.568580 2.388510 0.919066 0.000672 0.001327 0.004178
6 3.076300 2.102330 0.933017 0.000672 0.001586 0.002085
7 0.000000 0.000000 0.000000 0.000000 -0.000000 0.000000
8 3.167020 2.391110 1.698560 -0.001599 -0.000468 0.002500
9 3.331400 1.990020 1.797390 -0.001017 -0.000154 0.000000
10 3.165250 2.231340 1.838580 -0.001934 -0.001439 0.001382
11 2.985640 1.978880 2.020130 -0.001048 -0.001737 0.000357
12 2.532390 2.071760 1.735610 -0.002062 -0.000772 0.000405
13 -0.264318 0.648213 -0.374099 -0.004539 -0.000969 0.002409
14 3.274890 2.425490 1.575460 -0.005182 -0.001662 -0.000419
15 3.382570 2.476370 1.403480 -0.006367 -0.001357 0.000048
16 3.271490 2.562520 1.571310 -0.005358 -0.001397 0.000621
17 3.011790 2.403440 1.365260 -0.006302 -0.000816 -0.000389
18 3.304210 2.287000 1.354450 -0.006938 -0.001658 -0.000544
19 2.999950 2.591510 1.460940 -0.006022 -0.001862 0.002243
20 -0.322934 0.493156 0.161571 -0.003489 -0.002983 0.000793
21 3.194320 2.423010 1.738760 -0.000528 -0.000558 0.000284
22 3.123380 2.425400 1.796440 -0.002031 -0.001796 -0.000274
23 3.285960 2.316620 1.601650 -0.002716 -0.000507 -0.002045
24 3.174190 2.386250 1.596720 -0.000452 -0.000640 0.000381
25 3.267530 2.165360 1.752950 -0.001623 -0.001512 -0.002736
26 2.983680 2.386210 1.859200 -0.004326 -0.002952 -0.000100
27 -0.210364 0.204728 0.389383 -0.003064 -0.003886 -0.001284
28 3.520850 1.630780 2.026430 -0.001177 -0.001737 -0.004740
29 3.315960 2.115990 1.740840 0.000187 -0.000299 -0.001233
30 3.480800 1.627490 2.109170 -0.002985 -0.004096 -0.004347
31 2.598230 2.103280 2.307410 0.002012 -0.003750 0.000933
32 3.088580 1.723820 1.966540 -0.000266 -0.002595 -0.001721
33 3.266880 1.815510 1.858300 0.000868 -0.002063 -0.003100
34 3.101100 2.244510 1.650430 -0.000115 -0.003225 0.000159
