0 0.000000 0.000000 0.000000 0.000000 -0.000000 0.000000
1 3.262540 2.001540 1.884150 -0.000865 -0.000414 0.000438
2 3.225370 1.901540 1.773030 -0.001627 -0.000360 -0.000588
3 3.268200 1.933500 1.629290 -0.003172 -0.000467 -0.000284
4 3.246270 2.024150 1.795100 -0.002472 -0.000722 0.000172
5 3.268700 1.940580 1.810460 -0.001714 -0.000689 -0.001130
6 2.800960 1.916500 1.797820 -0.001767 -0.000658 -0.000431
7 0.242841 0.030799 0.747618 -0.002100 -0.001461 -0.002658
8 3.379470 2.281270 1.626590 -0.001849 -0.002479 -0.002411
9 3.308830 2.341890 2.365230 -0.000184 -0.003494 -0.000847
10 3.333840 2.434010 2.246970 -0.000228 -0.002891 -0.000433
11 3.208060 2.273730 2.922410 0.003012 -0.003147 -0.000690
12 2.532880 2.676590 2.838430 0.002026 -0.003245 0.002763
13 3.387090 2.380470 2.645810 0.001617 -0.003576 -0.000944
14 -0.151645 0.690185 0.490091 -0.006009 -0.002939 0.000339
15 3.058920 2.631920 2.126200 -0.003141 -0.003824 0.000088
16 3.201440 2.538780 2.358580 -0.002670 -0.004609 -0.000154
17 3.148170 2.672210 2.335700 -0.003043 -0.004440 -0.000279
18 3.043020 2.889800 2.162640 -0.004221 -0.004930 0.000838
19 3.281440 2.360870 2.419290 -0.004284 -0.006557 -0.003164
20 3.140230 2.819200 1.761770 -0.003819 -0.004840 0.000332
21 -0.135713 0.543035 0.871055 -0.005642 -0.004206 -0.001276
22 2.972700 2.732780 0.720088 -0.005680 -0.002805 -0.000666
23 3.001120 2.826520 0.861502 -0.005152 -0.002515 -0.000429
24 3.315710 2.830150 1.101220 -0.003635 -0.000592 -0.001156
25 3.127530 2.418740 2.168790 -0.002164 -0.003062 -0.001831
26 3.204560 2.446830 2.344050 -0.001548 -0.004439 -0.001547
27 3.090500 2.980220 1.114030 -0.003452 -0.000183 0.000337
28 0.009114 0.220138 1.135820 -0.005598 -0.005663 -0.003904
29 3.210140 2.369210 2.354590 -0.002345 -0.005172 -0.002507
30 3.045440 2.227350 0.973028 -0.006796 -0.005724 -0.000400
31 3.353080 0.693756 0.960664 -0.006825 -0.005597 -0.004166
32 2.840210 2.228180 0.842588 -0.007699 -0.005491 -0.000958
33 3.273510 1.995360 0.931627 -0.006680 -0.005388 -0.000969
34 3.260090 1.543410 0.956011 -0.006747 -0.005779 -0.003296
35 2.836800 1.407360 0.982897 -0.006411 -0.005288 0.000342
