0 -0.433872 0.956418 -0.165481 0.000964 -0.000000 0.004058
1 3.190390 2.966610 1.703710 0.000089 0.001431 0.003658
2 3.160510 2.977100 1.699660 -0.000192 -0.000089 0.002748
3 3.411050 2.358900 1.799200 -0.000549 0.000059 -0.001094
4 3.063610 3.018800 1.894620 0.000045 -0.000221 0.004202
5 3.246200 2.689880 2.041250 0.000350 -0.001371 0.000677
6 3.197480 2.905590 1.775990 -0.000601 -0.000218 0.002872
7 -0.000183 -0.000981 -0.005408 0.000000 -0.000000 0.000000
8 3.173680 1.922590 2.045050 -0.000189 -0.000733 0.000879
9 3.133470 1.877220 1.990460 -0.001349 -0.001440 0.000609
10 3.175640 1.944700 1.878180 -0.001376 -0.000661 0.001482
11 3.315970 1.881230 1.840350 -0.000969 0.000151 -0.000134
12 3.225880 1.935590 1.831420 -0.001096 0.000105 0.000000
13 2.281000 2.171530 1.868540 -0.001269 -0.000464 0.001184
14 -0.404990 0.947531 -0.191222 -0.005120 0.000000 0.004115
15 3.131170 2.455120 2.101480 -0.002544 -0.001234 0.002619
16 3.035750 2.749090 1.610150 -0.005049 0.000089 0.004355
17 3.159110 2.131380 2.166390 0.003338 0.000528 0.002167
18 2.893420 2.779390 2.012490 -0.003583 -0.000401 0.005184
19 2.868160 2.334060 2.523460 0.001591 -0.004791 0.002910
20 -0.398310 0.465757 0.350561 -0.000000 -0.000476 0.004238
21 3.079910 2.298220 1.973350 -0.001645 0.000834 0.001413
22 2.982330 2.642820 2.151260 -0.001648 -0.000018 0.004727
23 2.933740 2.654020 2.067580 -0.002034 -0.000113 0.004328
24 2.987400 2.823260 2.096110 -0.001687 -0.000286 0.005231
25 3.001660 2.857060 2.096540 -0.002557 -0.000552 0.004724
26 3.053970 2.885590 1.999260 -0.002366 0.000379 0.005419
27 -0.509903 0.450442 -0.155839 -0.008364 -0.002396 0.003299
28 2.906330 2.422820 1.709490 -0.007180 -0.000565 0.002468
29 2.905130 2.126450 2.081000 -0.000149 -0.004353 0.002697
30 2.976340 2.284790 1.768960 -0.001048 -0.004644 0.004060
31 2.749120 2.043500 2.288700 0.001326 -0.004194 0.002705
32 2.889510 2.611820 1.701000 -0.007900 -0.002003 0.004155
33 2.931320 2.432010 1.710190 0.000491 -0.001416 0.004139
34 3.301930 1.557780 2.094140 0.001197 -0.001300 -0.000835
