0 0.000000 -0.037406 0.057452 0.000504 -0.000000 0.000000
1 3.207110 1.941360 1.800210 -0.000456 0.001099 0.001353
2 3.121910 1.810320 1.868070 -0.000836 0.000290 0.000024
3 3.227490 2.029570 1.879450 -0.000256 0.000544 0.002433
4 3.161040 2.052870 1.900010 -0.000351 0.000286 0.002181
5 2.455010 2.006850 1.958260 -0.000085 -0.000076 0.000899
6 2.875630 2.184560 1.735000 -0.001849 0.000549 0.003313
7 0.460926 -1.021990 0.205499 -0.000792 -0.000086 -0.004328
8 3.291240 1.668410 1.912220 -0.003290 0.000649 -0.001381
9 3.413330 1.561380 2.030070 -0.001747 -0.000144 -0.000800
10 3.418710 1.477400 1.924580 -0.002568 0.000605 -0.001343
11 3.424510 1.619210 1.916760 -0.002572 0.000692 -0.000681
12 3.372260 1.419730 1.935980 -0.002612 0.000552 -0.001331
13 3.403730 1.681360 1.938740 -0.002807 0.000455 -0.001401
14 0.178885 -0.257211 0.014016 -0.004739 -0.000224 -0.000788
15 2.567860 2.231540 0.539574 -0.001893 0.000056 0.004260
16 3.181550 1.945350 0.437853 -0.003012 -0.000265 0.001401
17 3.127110 1.598960 2.341380 0.001500 -0.004411 -0.000523
18 3.311220 1.565820 2.389660 0.000013 -0.005095 -0.001140
19 3.062220 1.537320 1.806050 0.001348 -0.002483 -0.000868
20 3.296330 1.501590 2.510110 -0.001822 -0.003070 -0.001720
21 0.059270 -0.419633 0.477030 -0.001431 -0.001090 0.000294
22 3.232580 1.586080 2.241950 -0.002211 -0.000462 -0.000279
23 3.229630 2.039240 2.308220 -0.002810 -0.001114 0.002476
24 2.686120 2.432890 2.119280 -0.004072 -0.000562 0.004528
25 2.882530 2.283050 2.135280 -0.004058 -0.001347 0.003469
26 2.973970 2.235620 2.190490 -0.003749 -0.001084 0.002806
27 2.856640 2.285710 2.133380 -0.003213 -0.000523 0.004058
28 0.022481 -0.512884 -0.064635 -0.009966 -0.003318 -0.001631
29 3.210350 1.849230 2.277810 -0.001010 -0.004747 0.000532
30 3.310770 2.038270 1.281390 -0.010806 -0.002271 0.000888
31 3.060440 1.905310 0.305367 -0.007311 -0.002469 0.000498
32 3.344300 1.620300 0.645965 -0.005360 -0.002641 -0.000931
33 3.436980 1.659140 0.535568 -0.004946 -0.000644 -0.000949
34 3.553350 1.715840 0.572107 -0.005502 -0.002428 -0.000398
35 3.305760 1.805610 0.561141 -0.005521 -0.002118 0.000003
