0 0.584122 -0.513053 -0.289984 0.002380 0.003331 -0.004100
1 3.950710 1.912330 1.595200 0.000762 0.002868 -0.002690
2 4.000140 1.504400 1.583420 0.000414 0.002703 -0.006045
3 4.020160 1.880110 1.730640 0.000712 0.002247 -0.003537
4 4.081890 1.869360 1.629100 0.000409 0.002334 -0.003512
5 4.125110 1.803220 1.574510 0.000376 0.002787 -0.003710
6 0.000000 -0.016463 0.025794 0.000222 -0.000000 0.000000
7 3.461210 1.847600 1.931320 -0.000394 -0.000332 -0.000639
8 3.407210 1.994600 1.985380 -0.000682 -0.000520 0.000219
9 3.397160 1.976510 1.932400 -0.000299 -0.000043 0.000000
10 3.381450 1.909720 1.857420 -0.000226 0.000489 -0.000265
11 3.391550 1.958440 1.947220 -0.000784 -0.000863 -0.000193
12 3.437860 1.964860 1.790500 -0.001377 0.000110 -0.000271
13 -0.293125 0.686815 -0.641209 -0.011169 -0.003044 -0.000654
14 3.248890 2.495570 1.374560 -0.008574 -0.002225 -0.001716
15 3.277470 2.717050 1.380360 -0.011279 -0.003322 -0.001383
16 3.181600 2.713440 1.415100 -0.010376 -0.003459 -0.000501
17 3.224140 2.752960 1.462890 -0.009792 -0.002906 -0.000036
18 3.104560 2.553090 2.126080 -0.005338 -0.006982 -0.001123
19 -0.322164 0.438229 0.129304 -0.004751 -0.004377 -0.000620
20 3.325820 2.638450 1.874210 -0.004921 -0.003062 -0.001674
21 3.257070 2.738420 2.027190 -0.005612 -0.004440 -0.001179
22 3.031900 2.650550 2.101140 -0.005321 -0.004720 -0.002822
23 3.265590 2.469040 2.157780 -0.005295 -0.005071 -0.002441
24 3.197350 2.609300 2.068250 -0.005259 -0.004663 -0.002242
25 3.325930 2.502210 1.975400 -0.006143 -0.004327 -0.002831
26 -0.623181 1.080030 -0.536925 -0.010529 -0.003647 0.003062
27 2.830680 3.279610 1.441650 -0.009873 -0.003637 0.002271
28 2.881080 3.083860 1.473630 -0.009500 -0.003360 0.000658
29 2.950050 2.980400 1.393600 -0.010105 -0.003136 0.000958
30 2.995020 2.953810 1.559470 -0.009758 -0.003844 0.000702
31 2.748260 3.165750 1.488160 -0.008854 -0.003035 0.002210
32 2.976860 3.417020 1.397870 -0.010556 -0.003450 0.003618
33 2.976760 2.857960 1.312130 -0.010550 -0.002775 0.000410
