0 0.000000 0.000000 0.000000 0.000000 -0.000000 0.000000
1 3.440630 2.198460 1.816880 0.000196 0.000997 0.001366
2 3.407170 1.963350 1.854700 -0.000892 -0.000131 -0.000370
3 3.412320 2.006280 1.826040 -0.001050 -0.000070 -0.000020
4 3.363980 1.935430 1.870310 -0.001321 -0.000520 -0.000031
5 3.396330 2.084330 1.958150 -0.000811 -0.000805 0.000278
6 3.349100 1.983990 1.869930 -0.001879 -0.000862 -0.000059
7 -0.360210 0.582869 -0.036004 -0.003685 -0.001607 0.003603
8 3.467770 2.160480 1.659050 -0.004166 -0.000529 -0.000561
9 3.457180 2.489400 1.759410 -0.004435 -0.001505 0.001838
10 3.564450 2.219130 1.782600 -0.003702 -0.000647 0.000308
11 3.313830 2.379970 1.632330 -0.005218 -0.000516 0.001612
12 3.351060 2.140240 1.922190 -0.003382 -0.001440 0.000096
13 3.308680 2.220850 1.808060 -0.004793 -0.001595 -0.000205
14 -0.551718 0.899739 -0.322493 -0.011058 -0.005155 0.001675
15 3.103800 2.645340 0.966322 -0.003233 -0.001881 0.000856
16 3.271440 2.365630 1.755660 -0.002428 -0.004770 -0.000883
17 3.029450 2.432910 2.239500 -0.004008 -0.006940 -0.000868
18 3.100240 2.905940 1.369230 -0.009364 -0.003739 0.002344
19 2.967620 2.437450 1.390400 -0.004256 -0.005197 0.000019
20 3.193350 1.903820 2.521040 0.000505 -0.006480 -0.002275
21 -0.678893 0.648570 0.421211 -0.004027 -0.006254 0.002361
22 2.920970 2.658240 2.341100 -0.003591 -0.006052 0.001005
23 3.084740 2.487370 2.132720 -0.004923 -0.005538 -0.001080
24 3.157860 2.529850 2.211570 -0.005228 -0.005972 -0.001011
25 2.929160 2.708740 2.098720 -0.004957 -0.005079 0.001200
26 2.961460 2.775210 2.410690 -0.003898 -0.006044 0.002211
27 2.929440 2.556570 2.263560 -0.004649 -0.005869 -0.000112
28 -0.631627 0.971992 -0.270955 -0.010804 -0.005623 0.002821
29 3.170300 2.316130 1.311240 -0.004102 -0.002637 -0.001665
30 2.938220 2.726370 1.536640 -0.005180 -0.001651 0.001833
31 3.003150 2.581690 1.674830 -0.002506 -0.003209 0.001090
32 3.045470 2.648520 2.013030 -0.002491 -0.006865 0.001587
33 2.956360 2.713120 1.644690 -0.009198 -0.004540 0.001129
34 3.129020 2.260340 1.403390 -0.004188 -0.003732 -0.001597
35 3.012400 2.653980 2.201810 -0.001771 -0.005317 0.001251
