0 0.430312 -0.477003 -0.072476 0.000546 -0.000000 -0.004514
1 4.316270 0.952013 1.977900 0.000956 0.000070 -0.007821
2 4.197590 1.070660 2.104550 0.003136 0.000633 -0.006570
3 4.201740 1.067460 1.972990 0.001646 0.000145 -0.005274
4 4.046620 1.199530 1.912000 0.000359 -0.000028 -0.005179
5 4.403970 0.992090 1.759880 0.000551 0.001080 -0.007283
6 4.161900 1.983840 1.872130 0.000386 0.000079 -0.002559
7 0.000000 0.006055 -0.010076 -0.000080 -0.000000 0.000000
8 3.762890 2.128560 1.730330 -0.001099 0.000278 -0.000667
9 3.842710 1.846470 1.798260 -0.000735 0.000305 -0.002711
10 3.628820 2.114160 1.835880 -0.000645 -0.000157 -0.000390
11 3.531430 2.197710 1.972550 0.000992 0.000289 0.000095
12 3.739700 2.002350 1.814090 -0.000790 0.000299 -0.002317
13 0.072870 0.439198 -0.714229 -0.003888 0.002292 0.001116
14 3.976040 2.343140 1.294940 -0.003853 0.002358 -0.002254
15 3.868600 2.323120 1.386040 -0.003071 0.002076 -0.000285
16 4.135620 2.013370 1.406890 -0.002216 0.002473 -0.003770
17 4.130920 2.346590 1.046670 -0.003720 0.003993 -0.000883
18 3.988980 2.258500 1.193290 -0.004271 0.002685 -0.000710
19 3.943000 2.163360 1.265710 -0.004129 0.002350 -0.001550
20 0.254985 0.396915 -1.018610 -0.006599 0.002218 -0.001306
21 4.172370 2.664420 0.872098 -0.007064 0.002232 -0.002773
22 4.105000 2.088680 0.956711 -0.005691 0.002186 -0.004145
23 4.143940 2.124160 1.014050 -0.005737 0.002294 -0.004362
24 3.946540 2.270630 1.068910 -0.005837 0.001839 -0.001575
25 4.331730 1.887780 0.936687 -0.006101 0.002426 -0.005368
26 4.025270 2.233430 0.891298 -0.006009 0.003073 -0.003805
27 0.361952 0.610648 -1.448710 -0.008976 0.002405 -0.002018
28 4.082040 2.479190 0.582145 -0.008335 0.002278 -0.002404
29 3.757590 2.800550 0.663603 -0.007723 0.002050 0.001032
30 4.192260 2.097610 0.705301 -0.007320 0.002056 -0.002587
31 4.003070 2.017030 0.648590 -0.008133 0.002102 -0.002536
32 3.886000 2.374140 0.698286 -0.007291 0.002073 -0.000571
33 3.990350 2.756500 0.897337 -0.007182 0.001211 0.001483
34 3.714020 2.860570 1.042060 -0.005973 0.000960 0.002926
