0 0.000000 -0.009016 0.014967 0.000119 -0.000000 0.000000
1 3.787630 1.860550 1.958010 -0.000096 -0.000000 -0.001810
2 3.831010 2.047670 2.058620 0.001244 0.000171 0.000000
3 3.739610 2.173900 1.832620 -0.000288 -0.000005 0.000253
4 3.835470 2.044000 1.834460 -0.000552 0.000124 -0.000993
5 3.753190 2.043510 1.932540 -0.000168 -0.000015 -0.001071
6 3.824550 1.921910 1.817560 -0.000488 0.000577 -0.000737
7 -0.238197 0.269042 0.093186 -0.000409 -0.000032 0.003192
8 3.900690 2.008460 2.044880 -0.000706 -0.000301 -0.001473
9 3.841050 2.028890 2.112010 -0.000614 -0.000736 -0.000583
10 3.692690 2.312460 1.876740 -0.000933 0.000292 0.000892
11 3.827560 2.123250 1.984520 -0.000988 -0.000200 0.000030
12 3.674030 2.123680 1.874150 -0.001206 0.000486 0.000568
13 3.914530 1.690260 1.962310 -0.001039 -0.000136 -0.002396
14 -0.337150 0.619487 -0.240429 -0.002476 0.000875 0.004598
15 3.788680 2.395280 1.586430 -0.003121 0.001234 0.000319
16 3.765960 2.160110 1.929230 -0.000300 0.000891 0.000412
17 3.792430 2.243740 1.839430 -0.001384 0.001015 -0.000313
18 3.719830 2.182000 1.774660 -0.002298 0.000534 -0.001102
19 3.783750 2.261540 1.703150 -0.002415 0.001180 0.000922
20 3.781040 2.520770 1.664710 -0.002843 0.000969 0.001827
21 0.039386 0.728437 -1.030840 -0.007528 0.002191 0.001961
22 4.024480 2.531610 0.946797 -0.006394 0.002036 -0.001257
23 4.000210 2.375870 1.018060 -0.006478 0.001775 -0.002482
24 3.976820 2.381160 0.937459 -0.006377 0.002874 -0.001729
25 4.042900 2.546590 0.911239 -0.006731 0.002131 -0.001719
26 4.091520 2.363070 0.901374 -0.006885 0.002243 -0.001433
27 3.829820 2.513240 0.987203 -0.006840 0.001625 -0.002245
28 0.009945 1.091900 -1.505120 -0.010111 0.002582 0.002182
29 4.094470 2.451030 0.677079 -0.008162 0.002498 -0.001426
30 3.956910 2.615730 0.614026 -0.008586 0.002572 -0.000553
31 4.087870 2.081970 0.912304 -0.006320 0.001914 -0.002549
32 3.957830 2.472040 0.689349 -0.008185 0.002149 0.000605
33 3.886050 2.387190 0.879167 -0.006776 0.001073 -0.001470
34 3.903980 2.416120 0.889236 -0.005804 0.002169 0.001256
35 3.815250 2.665680 0.698520 -0.008144 0.002437 0.000727
