0 -0.001928 -0.138789 0.342171 0.003687 0.000766 0.001014
1 3.638260 1.898090 2.191710 0.002166 0.000623 -0.000362
2 3.478420 2.058880 2.179040 0.002819 0.000402 0.001255
3 3.344250 1.996360 2.097660 0.002554 0.001238 0.001176
4 3.510900 1.951340 2.258860 0.002799 0.000633 0.000553
5 3.650700 2.020860 2.234620 0.002623 0.000573 0.001315
6 3.276210 1.965610 2.214470 0.002175 0.000573 0.000985
7 0.000000 0.000000 0.000000 0.000000 -0.000000 0.000000
8 3.366100 2.046190 1.935770 -0.000636 -0.000404 -0.000347
9 3.401990 1.933190 1.970280 -0.000580 -0.000216 -0.001085
10 3.440400 1.795530 2.010180 -0.000106 0.000160 -0.001411
11 3.452130 2.011670 1.825830 -0.000726 0.000447 -0.000142
12 3.393640 1.894670 2.087960 0.000108 -0.000617 -0.001248
13 3.302400 1.902810 1.965360 -0.000234 0.000249 -0.000908
14 0.008103 -0.227917 0.408128 0.000873 -0.000563 -0.001045
15 3.455110 1.908620 2.230000 0.000636 -0.000899 -0.001533
16 3.316740 1.991610 1.980430 -0.000952 -0.000708 -0.000943
17 3.276050 1.979760 2.159950 -0.000524 -0.001140 -0.000734
18 3.334330 1.939210 2.111080 -0.001027 -0.001314 -0.001107
19 3.366310 2.110310 2.229230 -0.000676 -0.001206 -0.000381
20 3.393850 2.000960 2.217090 -0.000677 -0.001214 -0.000654
21 -0.328379 0.328345 0.542547 -0.001884 -0.003925 0.000000
22 3.144870 2.518910 1.661130 -0.002776 -0.003567 -0.000077
23 2.837010 3.259810 2.298890 -0.003869 -0.004882 0.004026
24 3.099340 2.538820 2.481590 -0.002424 -0.004261 -0.000674
25 3.160270 2.739780 2.384160 -0.003022 -0.003871 0.001318
26 3.152210 2.640420 2.379210 -0.002079 -0.005043 0.001190
27 3.130180 2.703270 2.458170 -0.002351 -0.003780 0.000306
28 -0.890406 0.994514 1.153880 -0.005802 -0.008227 0.004377
29 2.605160 3.380560 0.968195 -0.006482 -0.007723 0.003652
30 2.450700 3.081590 0.985368 -0.006422 -0.007487 0.002829
31 2.752240 3.026840 1.005330 -0.006368 -0.007799 0.001684
32 2.735450 3.070890 0.963200 -0.006586 -0.007550 0.003967
33 2.843660 3.112210 0.992019 -0.006527 -0.007708 0.003428
34 2.682250 2.874630 1.031320 -0.005902 -0.007616 0.001266
35 2.372650 3.060510 0.960107 -0.006393 -0.007309 0.003545
