0 0.041168 -0.037171 -0.030199 0.000080 0.000279 -0.000247
1 3.256170 1.941690 1.897100 -0.000943 -0.000421 -0.001054
2 3.252320 1.838840 1.817500 -0.000736 -0.000198 -0.000486
3 3.355680 1.979170 1.791610 -0.000752 0.000278 -0.000150
4 3.423210 1.985470 1.893560 -0.000841 -0.000452 -0.000878
5 3.459620 1.821650 1.850670 0.000214 -0.000196 -0.002692
6 3.307390 2.096330 1.856570 -0.001035 -0.000062 0.000217
7 -0.005689 0.097800 -0.298049 -0.003606 -0.000932 -0.001105
8 3.459250 2.130190 1.775440 -0.001561 -0.000660 -0.001294
9 3.394420 2.301410 1.646060 -0.004648 -0.000736 -0.000623
10 3.359840 2.299440 1.808980 -0.002702 -0.000802 0.000365
11 3.612600 1.964560 1.759560 -0.003580 -0.000984 -0.003528
12 3.470910 2.289340 1.605760 -0.004161 -0.000207 -0.000461
13 3.393710 2.120950 1.793270 -0.003130 -0.000999 -0.002596
14 0.288062 -0.314210 0.084185 -0.002046 -0.000704 -0.003463
15 3.763380 1.940160 1.730390 -0.003699 -0.000927 -0.003246
16 3.628430 2.105770 1.968140 -0.002595 -0.000892 -0.001894
17 3.613310 2.127790 1.844500 -0.003330 -0.000877 -0.002951
18 3.673140 2.171470 1.808140 -0.003301 -0.000982 -0.001649
19 3.565480 2.078770 1.889050 -0.003048 -0.001228 -0.002714
20 3.658560 1.982770 1.791840 -0.003308 -0.001462 -0.002709
21 -0.123940 0.202124 0.327267 -0.003925 -0.003939 -0.001956
22 3.284480 2.452810 2.090270 -0.004247 -0.003406 -0.001307
23 3.252520 2.579520 1.983560 -0.004264 -0.003917 -0.000088
24 3.252840 2.552160 2.312830 -0.004533 -0.004012 -0.000681
25 3.380180 2.657470 2.323440 -0.002733 -0.003086 0.000038
26 3.291410 2.793430 2.356580 -0.004395 -0.004656 0.000959
27 3.071930 2.307050 2.495950 -0.003571 -0.004828 -0.001485
28 -0.757654 0.993370 0.757122 -0.008770 -0.007648 0.003187
29 2.690930 3.404260 0.788286 -0.008487 -0.007395 0.002781
30 2.944200 3.000720 0.724142 -0.008529 -0.006816 0.001371
31 2.912920 3.221960 0.696750 -0.008675 -0.007181 0.000591
32 2.481450 3.199460 0.704868 -0.008940 -0.006975 0.002061
33 3.061860 3.128900 0.611538 -0.009395 -0.006970 0.001513
34 2.862230 3.428040 0.711270 -0.008870 -0.007578 0.003672
35 2.822230 3.252550 0.783696 -0.007481 -0.005928 0.002221
