0 -0.061201 0.780628 -0.918551 -0.008460 -0.000079 0.000000
1 3.234000 2.923280 1.123200 -0.008227 -0.000511 0.001356
2 3.162810 2.945030 1.060210 -0.007497 0.000149 0.002085
3 3.369400 2.846790 1.017700 -0.008410 -0.000141 0.001097
4 3.307760 2.736380 1.175680 -0.007853 -0.000726 0.000710
5 3.218670 2.710320 1.141910 -0.008008 -0.000082 -0.000363
6 3.301280 2.638790 1.223480 -0.007297 -0.000894 0.000662
7 0.000000 0.000000 0.000000 0.000000 -0.000000 0.000000
8 2.686010 1.955030 1.985640 -0.000488 -0.000630 0.000570
9 2.696060 2.052410 1.836640 -0.001490 -0.000400 0.000970
10 2.854200 1.890440 1.830290 -0.001081 -0.000164 -0.000039
11 2.620900 1.914680 1.813760 -0.001144 0.000114 -0.000192
12 3.224360 1.883830 1.787850 -0.000188 0.000797 0.000421
13 2.830090 2.043570 1.753790 -0.001482 0.000083 0.001109
14 0.118787 -0.236938 -0.386403 -0.001600 0.001446 -0.000850
15 3.433490 2.089790 1.557680 -0.002414 0.000946 0.000968
16 3.425230 1.775680 1.445830 -0.002992 0.001357 -0.001842
17 3.457700 2.016410 1.298950 -0.003531 0.001821 -0.000063
18 3.226670 2.081150 1.565530 -0.002325 0.000936 0.000757
19 3.384060 1.898430 1.436700 -0.002592 0.001313 -0.000458
20 0.080585 0.380846 -0.965321 -0.006960 0.001059 -0.001834
21 3.227450 2.450210 1.110070 -0.006826 0.000513 -0.001312
22 3.469140 2.137540 1.086070 -0.006380 -0.000202 -0.004302
23 3.409930 2.348250 1.120330 -0.006062 0.000134 -0.002030
24 3.356450 2.483060 1.147330 -0.006625 0.000374 -0.000549
25 3.481990 2.039410 1.201740 -0.006088 -0.000068 -0.003770
26 3.455570 2.254080 1.168840 -0.006505 0.000631 -0.002783
27 0.053881 0.248408 -1.103760 -0.007995 0.000952 -0.002041
28 3.119360 2.168020 1.220040 -0.005002 -0.000470 -0.001837
29 2.747380 2.402190 1.347020 -0.005187 -0.000434 -0.000327
30 2.919290 2.416420 1.307030 -0.005987 -0.000483 -0.000485
31 2.985830 2.465720 1.046460 -0.005605 0.001496 -0.000153
32 2.915650 2.369800 1.188360 -0.005963 0.000314 -0.000493
33 3.016210 2.462660 1.227250 -0.006260 -0.000425 -0.001177
