0 -0.039477 0.003961 0.066867 0.000059 -0.000438 -0.000085
1 3.060510 1.951440 1.920280 -0.000560 -0.000757 0.000594
2 2.991960 2.062290 2.032540 -0.000776 -0.001273 0.000888
3 2.700500 2.077480 1.796050 -0.001778 -0.000455 0.000569
4 3.159030 1.883630 2.048030 -0.000408 -0.000854 0.000243
5 3.096960 1.893900 2.008780 -0.000478 -0.001076 0.000570
6 3.226340 1.809450 1.901160 -0.000678 0.000208 -0.000583
7 0.126724 -0.830155 0.936529 0.009128 0.000604 0.000000
8 3.312810 1.678450 2.639850 0.006297 0.000835 0.002460
9 3.440710 1.426440 2.704600 0.007080 0.000385 0.001534
10 3.417170 1.312610 2.584260 0.006599 0.000669 -0.000183
11 3.749010 1.320690 2.489330 0.007091 0.002222 -0.001199
12 3.437500 1.451220 2.654770 0.006856 0.000765 0.000218
13 2.849080 1.909690 2.689820 0.006247 -0.000004 0.003334
14 0.135093 -0.934656 0.500012 0.006485 0.001500 -0.000719
15 3.172300 1.190060 2.312110 0.004970 0.001171 -0.001582
16 3.483300 1.138160 2.261400 0.004057 0.001335 -0.001405
17 3.513450 1.207930 2.195870 0.003758 0.001072 -0.002263
18 3.359690 1.423970 2.235350 0.003889 0.001684 -0.000155
19 3.330910 1.314370 2.103040 0.003359 0.001958 -0.000723
20 3.106530 1.551460 2.297670 0.004429 0.001017 0.001036
21 0.153920 -0.505102 0.004937 0.002153 0.001367 -0.001852
22 3.393350 1.498850 1.874980 0.000535 0.000692 -0.002282
23 3.230990 2.051780 1.799380 0.000261 0.001375 0.000850
24 3.299660 1.358160 2.005080 0.001066 0.000585 -0.004381
25 3.356280 1.704410 1.950570 -0.000065 0.000520 -0.001363
26 3.195900 1.806640 2.034670 0.001012 0.000176 -0.000255
27 3.340420 1.816600 2.123110 0.001825 0.000226 -0.000613
28 0.091243 -0.570186 -0.143208 0.000670 0.000944 -0.001868
29 3.249970 1.933860 1.944820 -0.000278 -0.000071 0.000632
30 3.124800 1.834780 1.939350 0.000089 0.000006 0.000265
31 2.985340 2.034110 1.938440 0.000460 0.000618 0.001286
32 2.707810 1.960320 1.986490 0.000851 0.000244 0.001073
33 3.115390 1.768380 1.942700 0.000894 0.000624 -0.000188
34 3.228200 1.939950 1.945880 0.000692 0.000174 0.001071
35 3.394030 1.517630 1.961310 0.001205 -0.000120 -0.002459
