0 0.080844 0.125827 -0.387942 0.000000 0.001605 0.000000
1 3.738820 2.040500 1.643250 0.000838 0.001800 -0.003054
2 3.807670 2.222440 1.429330 -0.000093 0.002320 -0.001864
3 3.918470 2.072290 1.627760 0.000404 0.001377 -0.003558
4 3.666710 2.337240 1.570380 0.000295 0.001590 -0.000663
5 3.739720 2.318390 1.619310 0.000126 0.001012 -0.001917
6 3.620130 2.196010 1.533160 -0.000031 0.001351 -0.001915
7 -0.002169 0.000000 0.004235 0.000000 -0.000033 0.000000
8 3.500770 2.084530 1.835600 0.000271 -0.000004 -0.001104
9 3.535600 1.991360 1.760770 -0.000001 0.000045 -0.000851
10 3.647750 2.049100 1.940790 0.000705 -0.000033 -0.000928
11 3.604690 1.939230 1.898820 0.000577 -0.000033 -0.001866
12 3.570270 2.030260 1.877990 0.000810 -0.000033 -0.001211
13 3.557260 2.024200 1.772900 0.000246 0.000015 -0.001774
14 -0.046536 -0.365119 0.847677 0.004167 -0.002276 -0.001244
15 3.565110 1.879450 2.543150 0.003750 -0.001267 -0.002283
16 3.944850 1.578760 2.528970 0.003555 -0.001467 -0.005058
17 3.738690 1.472560 2.580810 0.003587 -0.001907 -0.006169
18 4.144520 1.390310 2.736680 0.003964 -0.002484 -0.006114
19 3.725950 1.573600 2.608070 0.003716 -0.001928 -0.003852
20 3.814570 1.483310 2.673650 0.004363 -0.001825 -0.004653
21 -0.074441 0.321547 -0.032747 -0.005483 -0.003979 -0.001042
22 3.450280 2.600740 1.868720 -0.005092 -0.003730 -0.001546
23 3.640330 2.322590 1.980000 -0.001428 -0.003963 -0.001513
24 3.654920 2.243260 1.912160 -0.004313 -0.003352 -0.004743
25 3.612590 2.375660 1.932820 -0.004374 -0.003946 -0.001528
26 3.509900 2.472850 1.940850 -0.005078 -0.004909 -0.001077
27 3.776090 2.447100 1.975560 -0.004020 -0.003782 -0.002567
28 -0.350582 0.394126 0.266625 -0.002313 -0.004036 0.001219
29 3.325450 2.655050 2.154810 -0.002005 -0.004206 0.000322
30 3.451280 2.211350 2.270560 -0.001736 -0.004328 -0.002003
31 3.320990 2.641030 2.189580 -0.001906 -0.004126 0.001218
32 3.403030 2.439150 2.215370 -0.001987 -0.004097 -0.000894
33 3.536070 2.305000 2.262200 -0.001821 -0.004534 -0.001635
34 3.441120 2.271780 2.201640 -0.002043 -0.004036 -0.001635
35 3.488540 2.291690 2.141190 -0.001986 -0.003650 -0.002271
