0 0.000000 -0.011291 0.022835 0.000171 -0.000000 0.000000
1 3.743880 2.051800 1.591730 0.000412 0.001808 -0.000765
2 3.771090 2.061080 1.822500 0.000517 0.000237 -0.002032
3 3.654970 2.096200 1.958050 0.000614 -0.000205 -0.000998
4 3.537880 2.316300 1.897200 0.000304 -0.000518 0.000630
5 3.600470 2.047280 1.904850 0.000464 -0.000455 -0.001616
6 3.442850 1.976150 1.897620 0.000058 -0.000257 -0.001992
7 -0.111373 -0.089368 0.358592 -0.000307 -0.001862 0.000062
8 3.602060 1.998310 2.066240 -0.000280 -0.001492 -0.003228
9 3.672000 2.019560 2.204960 -0.000033 -0.002753 -0.002439
10 3.778850 2.157720 2.228860 -0.000317 -0.002263 -0.000964
11 3.800030 2.041790 2.189420 0.000130 -0.002353 -0.002267
12 3.645130 2.267290 2.295480 0.000487 -0.002206 0.000066
13 3.559870 2.037850 2.281510 0.000832 -0.002322 -0.000899
14 -0.041654 -0.407763 0.910936 0.002653 -0.003084 -0.001421
15 3.452870 2.038760 2.705380 0.002292 -0.003088 -0.001035
16 3.627920 1.767270 2.677700 0.002049 -0.003355 -0.003681
17 3.588330 2.044910 2.449810 0.002027 -0.002540 -0.001814
18 3.505080 1.959210 2.693130 0.001905 -0.003231 -0.001876
19 3.609350 1.918170 2.387860 0.001131 -0.002722 -0.001874
20 3.684940 1.883220 2.720900 0.002370 -0.003483 -0.001802
21 -0.062884 0.157878 0.290806 -0.005181 -0.005164 -0.001419
22 3.645920 2.353270 1.323350 -0.004041 -0.005090 -0.001697
23 3.522820 2.768960 1.812770 -0.003240 -0.004214 0.000356
24 3.842070 2.187820 1.481350 0.001209 -0.002097 -0.003492
25 3.583910 2.575860 2.136210 -0.004556 -0.005282 -0.000317
26 4.001030 2.113170 1.519380 0.001336 -0.002092 -0.003921
27 3.949090 2.183020 2.192910 -0.004245 -0.005420 -0.004480
28 -0.275383 0.086203 0.599844 -0.001114 -0.004255 0.000852
29 3.406110 2.173010 2.417520 -0.000648 -0.003834 -0.001246
30 3.386110 2.362400 2.501000 -0.000286 -0.004008 0.001105
31 3.319140 2.408600 2.404140 -0.000475 -0.004059 0.000794
32 3.423330 2.510320 2.568730 -0.000593 -0.004543 0.001632
33 3.395050 2.338950 2.311490 -0.000247 -0.004097 0.000525
34 3.311660 2.653390 2.395090 -0.001322 -0.004129 0.003045
35 3.320130 2.420380 2.453410 -0.001132 -0.004296 0.000703
