0 -0.317870 0.139754 0.787987 0.005639 -0.003089 0.002666
1 3.187220 1.978730 2.391170 0.004158 -0.002280 0.001633
2 3.177970 2.260340 2.360850 0.003884 -0.002160 0.002529
3 3.511350 2.182480 2.358460 0.003524 -0.002082 0.001322
4 3.419050 2.173430 2.489080 0.004384 -0.002593 0.000952
5 3.237490 2.110640 2.155110 0.002349 -0.001601 0.000438
6 3.315540 2.092810 2.245660 0.003160 -0.001671 0.000295
7 -0.000368 -0.014300 0.002874 0.000000 -0.000000 0.000000
8 3.203480 2.117230 1.766770 -0.000471 -0.000040 0.000000
9 3.443410 2.127180 1.744590 -0.000373 0.000073 0.000000
10 3.448630 2.091460 1.654980 -0.000031 0.000891 0.000049
11 3.502370 1.953060 1.712860 0.000198 -0.000125 -0.000763
12 3.254380 2.114840 1.920050 0.000266 0.000051 0.000493
13 3.463310 2.110380 1.569970 -0.001023 0.000499 -0.000000
14 0.200579 0.129493 -0.052261 0.001841 0.002597 -0.000000
15 3.864790 2.254160 1.881690 0.003406 0.003060 0.000463
16 3.831660 2.080950 1.703870 0.002275 0.002522 -0.000295
17 3.754540 2.454080 1.685610 0.000822 0.002853 0.001028
18 3.794230 2.166200 1.850560 0.001786 0.002238 -0.001003
19 3.534820 2.470470 1.832540 0.000831 0.000688 0.000714
20 3.757230 1.969280 1.890360 0.003125 0.001892 -0.001143
21 -0.269878 0.581170 0.409616 0.002363 0.000000 0.002197
22 3.276930 2.651620 2.196010 0.003210 0.000058 0.002871
23 3.353160 2.700050 2.314820 0.003170 -0.000566 0.002549
24 3.177610 2.635210 2.245230 0.002259 -0.000602 0.001683
25 3.311450 2.752720 1.998610 0.001881 -0.000224 0.002637
26 3.350560 2.348040 2.395090 0.003351 -0.001584 0.002567
27 3.548160 1.354950 2.358670 0.004354 -0.000344 -0.005270
28 -0.253132 -0.007906 0.526868 0.000792 -0.003308 -0.000740
29 3.203370 2.326920 2.182870 0.000198 -0.002418 -0.000983
30 2.481680 3.045730 2.187760 0.000080 -0.002501 0.004563
31 3.447550 2.075560 2.238580 0.000463 -0.002696 -0.002641
32 3.329340 2.202740 2.001040 0.000452 -0.002716 -0.000739
33 3.324020 2.433310 1.948860 -0.000336 -0.001019 -0.000669
34 3.172970 2.147860 2.063080 0.000055 -0.002473 -0.001605
35 3.277480 2.230320 2.141220 -0.000525 -0.002614 -0.000802
