0 0.000000 0.011314 -0.018803 -0.000153 -0.000000 0.000000
1 3.446240 2.120680 1.782310 0.000367 0.000218 0.000866
2 3.400100 2.220870 1.688020 -0.000990 -0.000095 0.000837
3 3.358630 2.093410 1.733950 0.000222 0.000746 0.000534
4 3.411350 2.105040 1.651960 -0.001022 0.000535 0.000589
5 3.201710 2.138440 1.776800 0.000163 -0.000000 0.000504
6 3.382310 2.117760 1.725980 -0.001360 0.000039 0.000007
7 0.340540 -0.183420 -0.733544 -0.005512 0.002945 -0.002977
8 3.903550 2.394900 0.937201 -0.004742 0.002899 -0.002157
9 4.002610 2.469120 0.621506 -0.007265 0.003393 -0.001450
10 3.635160 2.197860 1.041260 -0.004495 0.003198 -0.002442
11 3.842690 2.472070 0.751123 -0.005308 0.003856 -0.001284
12 3.787260 1.754600 1.164640 0.000134 0.003258 -0.001981
13 3.915650 2.337380 1.201180 -0.004558 0.003244 -0.002320
14 0.478013 -0.025708 -0.791013 -0.004213 0.005071 -0.002815
15 3.941370 2.479120 0.936827 -0.003810 0.004909 -0.002165
16 3.745050 2.732310 1.016530 -0.004368 0.003925 0.000097
17 3.710840 2.895140 1.363120 -0.002715 0.003621 -0.000338
18 3.742020 2.404360 0.956212 -0.003281 0.005450 -0.000725
19 3.439620 2.665820 1.107850 -0.002959 0.004135 0.000810
20 3.612350 2.641490 1.080880 -0.000249 0.003615 0.000192
21 0.072295 0.395623 -0.309764 -0.003135 0.002712 -0.000805
22 3.544720 2.280430 1.777500 0.002666 0.002349 0.000355
23 3.282260 2.713750 1.745310 0.002812 0.001776 0.001144
24 3.607620 2.856180 1.019130 -0.003418 0.002786 0.000112
25 3.552950 2.871740 1.427230 -0.001873 0.002468 0.000236
26 3.532600 2.788070 1.422060 0.001037 0.002389 0.000231
27 3.492280 2.661060 1.495570 0.001526 0.002940 -0.001127
28 0.226058 -0.239835 -0.401617 -0.004955 0.000909 -0.003749
29 3.724020 2.526470 1.054010 -0.004015 0.001758 -0.003779
30 2.915260 3.063370 1.015840 -0.007396 0.001575 0.001343
31 3.474210 2.323080 1.365380 -0.000158 0.000141 -0.002666
32 3.817350 2.626330 1.156700 -0.004196 0.001909 -0.001426
33 3.729450 2.207320 1.324520 -0.000645 0.001907 -0.003401
34 3.774110 2.179290 1.180530 -0.006097 0.001413 -0.004071
35 3.619610 2.560400 1.411440 0.000297 0.001084 -0.001834
