0 -0.168507 0.122730 -0.024377 -0.000000 -0.001852 0.000805
1 2.813720 2.434210 1.598730 0.000263 0.000181 0.001952
2 3.267280 2.339140 1.753530 -0.000188 -0.001327 0.001811
3 3.438210 2.179710 1.510810 -0.002025 -0.001616 0.000607
4 3.117980 2.155750 1.784540 -0.000124 -0.001457 0.000710
5 3.344650 2.127400 1.731490 -0.000662 -0.001609 -0.000434
6 3.496520 1.950090 1.762370 -0.000797 -0.001751 -0.002079
7 0.000000 0.000000 0.000000 0.000000 -0.000000 0.000000
8 2.829820 1.844000 1.844930 -0.000025 -0.000158 -0.001380
9 2.782550 2.052900 1.732150 -0.000654 -0.000182 0.000262
10 2.797400 1.928360 1.781670 -0.000781 -0.000803 -0.000554
11 2.730230 1.908840 1.722480 -0.000854 -0.000403 -0.000969
12 2.965790 1.854920 1.658120 -0.000896 0.000809 -0.001670
13 2.826420 1.953300 1.798220 -0.000474 0.000154 -0.000450
14 0.162592 0.003185 -0.136481 -0.000900 0.001016 -0.001101
15 3.584100 2.037180 1.620840 -0.001307 0.000791 -0.002883
16 3.533870 2.273250 1.577590 -0.001958 0.001203 -0.001008
17 3.814260 2.023380 1.488780 -0.001247 0.000936 -0.003198
18 3.820760 1.996390 1.451890 -0.002655 0.001484 -0.002488
19 3.793080 1.949670 1.470390 -0.001872 0.001476 -0.003502
20 3.677950 1.911830 1.541620 -0.001059 0.000913 -0.003293
21 0.310116 -0.419936 0.174197 0.002494 0.002595 -0.002389
22 3.031350 1.960630 1.662840 0.001317 0.002474 -0.001057
23 3.614940 1.626120 1.718930 -0.000157 0.001953 -0.004020
24 3.913770 1.558440 1.912570 0.001540 0.002447 -0.005326
25 3.857380 1.533350 1.844590 0.000714 0.001660 -0.004696
26 3.805410 1.616020 1.820680 0.001194 0.001650 -0.003879
27 3.853400 1.583090 2.008320 0.002763 0.002195 -0.004603
28 0.421593 -0.347269 -0.026158 0.001574 0.002503 -0.002987
29 3.618490 1.673500 1.655170 0.001313 0.003061 -0.004191
30 4.076110 1.530820 1.753640 0.001702 0.002394 -0.005487
31 3.931080 1.765000 1.626280 0.000141 0.002352 -0.003307
32 4.009030 1.685260 1.673060 -0.000182 0.002223 -0.004975
33 4.047930 1.542120 1.789800 0.001689 0.002558 -0.005256
34 3.957750 1.644320 1.613010 0.000341 0.002066 -0.004798
35 3.887930 1.569160 1.626040 -0.000088 0.002401 -0.004840
