0 0.000000 0.000000 0.000000 0.000000 -0.000000 0.000000
1 2.926270 1.861400 1.960570 0.000908 -0.000000 -0.000944
2 2.700350 1.868140 1.695140 -0.000703 -0.000005 -0.000644
3 2.650990 1.850980 1.696090 -0.000639 0.000054 -0.001437
4 3.062960 1.713040 1.732390 -0.000533 0.000349 -0.001927
5 2.557410 1.912400 1.821450 -0.000303 0.000195 -0.001264
6 2.694280 1.882040 1.637230 -0.001312 0.000249 -0.000817
7 0.234432 -0.127016 -0.048569 -0.000000 0.002374 -0.000985
8 3.737590 1.854450 1.660970 -0.000701 0.002941 -0.002887
9 2.606470 2.166850 1.664020 -0.001089 0.001877 -0.000334
10 2.793700 1.953380 1.686010 -0.001270 0.002547 -0.001439
11 3.688440 1.883050 1.768270 0.000265 0.002436 -0.002107
12 3.831140 1.792650 1.727230 -0.000748 0.002445 -0.003794
13 3.779790 1.859270 1.675770 -0.001100 0.002809 -0.003218
14 0.207162 -0.063423 -0.027768 -0.000172 0.002625 -0.001228
15 3.866120 1.636560 1.617600 -0.000329 0.002883 -0.005492
16 3.112560 1.922230 1.604510 -0.000744 0.002687 -0.003446
17 3.870000 1.588300 1.592800 -0.000810 0.003082 -0.005462
18 3.783840 1.909800 1.585380 -0.000759 0.002856 -0.003390
19 3.864010 1.898670 1.619350 -0.001384 0.002568 -0.003567
20 3.721600 1.691810 1.629360 -0.000567 0.002851 -0.004203
21 0.479417 -0.474158 0.083537 0.002201 0.004933 -0.002979
22 3.975350 1.475980 1.840080 0.001875 0.005206 -0.005555
23 4.049170 1.315160 1.702650 0.000907 0.004762 -0.006985
24 3.896470 1.428090 1.804550 0.001577 0.004747 -0.006233
25 4.125400 1.440380 1.605140 0.000890 0.004675 -0.005745
26 3.834390 1.349940 1.945500 0.003086 0.003687 -0.006059
27 2.958260 1.810530 1.809520 0.001833 0.004587 -0.002850
28 0.591768 -0.462425 0.015468 0.002210 0.004851 -0.003577
29 3.980810 1.551420 1.719900 0.001926 0.005217 -0.004694
30 4.238690 1.311950 1.759010 0.001714 0.004532 -0.007556
31 4.087380 1.532400 1.703300 0.001148 0.004956 -0.005491
32 4.080320 1.517880 1.802950 0.001253 0.004638 -0.004894
33 4.159550 1.182100 1.836110 0.002581 0.004116 -0.007742
34 4.072790 1.411930 1.753760 0.001292 0.004785 -0.006587
35 4.014820 1.356350 1.787230 0.002426 0.004736 -0.006565
