0 -0.151907 0.410986 -0.258597 -0.002670 -0.000000 0.000791
1 3.373240 2.375420 1.913330 -0.001224 -0.000100 -0.001731
2 3.213650 2.446720 2.093740 0.000939 -0.000250 0.001032
3 3.296440 2.704620 1.973910 -0.001365 -0.000786 0.000465
4 3.272830 2.421270 2.317540 0.000481 -0.002171 -0.000176
5 3.227230 2.955940 1.942840 -0.001076 -0.000536 0.001602
6 3.310830 2.638830 1.878040 -0.001519 -0.000183 0.000885
7 -0.011674 -0.000064 0.021856 0.000000 -0.000169 0.000000
8 3.347290 1.948440 2.044620 0.000550 -0.000458 -0.000000
9 3.461320 2.040800 2.019290 0.000377 -0.000054 -0.000000
10 3.426930 1.991460 2.055960 0.000418 -0.000691 0.000528
11 3.352920 2.031630 1.980760 0.000571 0.000139 -0.000000
12 3.402380 1.904130 1.972030 0.000991 0.000574 -0.000563
13 3.355020 1.784040 2.156780 0.000548 -0.000927 -0.001318
14 0.367973 -0.498715 -0.187402 0.001319 0.001062 -0.002516
15 3.895970 1.504700 1.727180 0.001742 0.002012 -0.002599
16 3.562090 2.479060 1.756340 0.000329 0.000457 0.002432
17 3.765930 1.557240 1.767260 0.001304 0.000964 -0.002708
18 3.880170 2.001530 1.798610 0.001209 0.000964 -0.001242
19 3.721740 1.666990 1.731710 0.001178 0.000966 -0.002181
20 3.698440 1.666480 1.891560 0.001559 0.000563 -0.001912
21 0.532397 -0.505315 -0.106473 0.003066 0.002370 -0.003072
22 4.038750 1.696740 1.788130 0.002383 0.002604 -0.002784
23 3.520450 2.767140 1.780570 0.002106 0.002335 0.003063
24 3.885230 2.006230 1.793430 0.002499 0.002761 -0.001044
25 4.059640 1.692150 1.852900 0.002140 0.002055 -0.003644
26 3.889030 1.769380 1.898310 0.002535 0.001946 -0.002285
27 3.859100 1.870970 1.807410 0.002412 0.002360 -0.002730
28 0.686816 -0.650055 -0.294815 0.000695 0.001635 -0.005059
29 3.865570 1.811580 1.723860 0.000641 0.001283 -0.002670
30 4.154160 1.432360 1.667020 0.000843 0.001681 -0.005600
31 4.086060 1.499520 1.884110 0.001610 0.000875 -0.004790
32 4.141990 1.507090 1.621630 0.000873 0.001876 -0.004519
33 4.101510 1.512510 1.696320 0.000236 0.001182 -0.005003
34 4.233820 1.625650 1.594790 0.000624 0.001416 -0.003889
35 4.050940 1.770690 1.641860 0.000029 0.001487 -0.003554
