0 0.000000 0.000000 0.000000 0.000000 -0.000000 0.000000
1 3.409810 2.097920 2.054640 0.000591 -0.000184 0.000356
2 3.426640 1.945780 1.990070 0.000420 0.000000 -0.000123
3 3.362690 1.965980 1.888930 0.001090 0.000655 -0.000552
4 3.479570 1.642280 1.964730 0.000325 0.000221 -0.002362
5 3.399840 1.954960 1.932450 0.000026 0.000317 0.000254
6 3.397310 2.085120 1.925960 0.000352 0.000017 0.000589
7 0.201476 -0.324589 0.039787 0.001272 -0.000233 -0.001073
8 3.722120 1.793750 1.993370 0.001350 -0.000287 -0.001108
9 3.773850 1.620630 2.067300 0.001007 -0.000788 -0.002901
10 3.793500 1.567500 2.017050 0.001018 -0.000259 -0.001912
11 3.494470 1.941060 1.970010 0.001493 0.000243 0.000431
12 3.734910 1.734770 2.026060 0.001600 -0.000069 -0.000777
13 3.935460 1.570830 2.056760 0.002140 0.000331 -0.003761
14 0.497458 -0.797944 0.023707 0.002982 0.000781 -0.003631
15 4.046470 0.999704 2.010640 0.002990 0.001134 -0.005261
16 3.999300 1.723770 2.006870 0.002363 0.000355 -0.001560
17 3.915820 1.626180 1.915190 0.002836 0.001496 -0.001119
18 4.068930 1.616960 1.984270 0.002448 0.000722 -0.003216
19 4.004190 1.165010 1.851350 0.002039 0.001141 -0.004042
20 3.958580 1.372890 1.936370 0.002431 0.000868 -0.003161
21 0.562540 -0.804241 0.272824 0.005276 0.001379 -0.003586
22 3.930230 1.535370 2.275830 0.004677 0.000887 -0.003086
23 4.244960 1.180370 2.228660 0.004492 0.001085 -0.005171
24 4.124470 1.751160 2.162900 0.004469 0.001566 -0.001748
25 4.027980 1.446320 2.107000 0.004172 0.002116 -0.003401
26 4.084180 1.263530 2.349190 0.004589 0.000515 -0.005020
27 3.961210 1.521560 2.176090 0.004638 0.001768 -0.002477
28 0.688209 -0.889084 -0.055511 0.002424 0.001247 -0.005245
29 4.085270 1.242180 1.950900 0.002020 0.000811 -0.004851
30 4.011230 1.415000 1.812710 0.001627 0.001438 -0.004181
31 4.247640 1.145910 1.818020 0.001625 0.001493 -0.005722
32 4.319790 1.162010 1.792490 0.001058 0.001298 -0.005681
33 4.268720 1.213050 1.856370 0.001573 0.001197 -0.004716
34 4.099930 1.402980 1.815750 0.001434 0.001139 -0.003873
35 4.354200 1.012010 1.813530 0.001774 0.001473 -0.007339
