-0.0686073  0.0565837  -0.0407572  -0.0813155  -1.58347  -6.33844  
0.00313048  -1.73105e-05  0.00036611  -0.189544  0.345267  0.343236  
0.0121991  0.00104972  0.000294753  -0.31766  0.347486  0.125723  
0.015332  0.00367498  0.002333  -0.379559  0.00590268  0.145892  
0.00556753  0.00119664  0.0015218  -0.320271  0.502215  0.467678  
0.00386142  0.00196601  -0.00021316  -0.243774  0.413772  0.421259  
-0.000156169  -0.000594202  -0.000260857  0.326952  -0.294685  -0.400554  
0.0414661  0.00306969  -0.00158837  1.07054  1.07534  -5.92149  
0.00596669  0.013142  0.00447367  -0.116293  0.529254  -0.149539  
0.00786775  0.000126466  0.00089457  0.296212  -0.184903  0.111862  
0.0121729  0.000795469  0.00168708  -0.260492  0.282202  -0.0294321  
0.0123835  0.00307786  0.0022541  -0.365985  0.388792  0.0965729  
0.00198578  -0.000488219  0.00131643  0.282368  -0.317065  0.368353  
-0.00226111  0.00298936  0.00609217  -0.108294  -0.401291  -0.425298  
0.0446765  0.0556277  0.0128938  -0.695764  0.837254  -5.88302  
0.000936563  0.00103054  0.00188393  -0.277445  0.508763  -0.477133  
0.00460461  0.0118621  0.00512613  -0.204367  0.45151  -0.0948261  
0.00174772  0.000716175  0.00268261  -0.332971  0.392515  -0.495323  
0  -0  0  0  0  0  
0.00468146  0.00932619  -3.4505e-05  -0.20354  0.542389  -0.225535  
0.00321758  -0.000616066  -0.00110911  0.31177  0.450942  0.37985  
-0.0649906  -0.0236448  0.0283886  0.66831  -2.31597  -6.17359  
0.000544565  -0.00148687  -0.00234191  0.390994  -0.349337  -0.602117  
-0.000275077  0.000219667  -1.32079e-06  0.242021  -0.272507  -0.50014  
-0.00213243  0.00286932  0.00128815  -0.33378  -0.414736  -0.552731  
-0.000273484  0.00173068  0.000240459  -0.193894  -0.260307  -0.349999  
-0.00362004  0.00942106  0.00483914  0.00810782  -0.40872  -0.482691  
-0.00104017  0.00254336  0.00901566  0.055368  -0.244489  -0.433957  
0.0189039  -0.00550182  -0.0433464  0.716537  -0.887495  -5.72036  
-0.00194313  0.00189267  0.00238632  -0.334358  -0.425268  -0.543846  
-0.00150715  0.0021349  0.00216743  -0.298088  -0.480907  -0.543742  
-0.000777781  0.00218863  0.00142408  -0.256988  -0.412902  -0.522464  
0.00104741  0.00266223  0.00497945  0.0329144  -0.289287  -0.441603  
-0.000909148  0.00220099  0.00207185  -0.272738  -0.437984  -0.55392  
-0.00156632  0.0029474  0.00285059  -0.29868  -0.453539  -0.536537  
0.00855585  0.00947818  0.00891995  -0.0750529  0.110568  0.00758524  
