0 -0.365033 0.067835 -0.090124 -0.000000 -0.000780 0.001749
1 3.561650 2.178290 1.570230 -0.003061 -0.000417 -0.000107
2 3.375650 1.932390 1.590510 -0.002645 -0.000665 -0.000589
3 3.515530 2.051470 1.691540 -0.002290 -0.000941 0.000360
4 3.612290 1.916270 1.794490 -0.001058 -0.000848 -0.001060
5 3.679590 1.966710 1.580150 -0.002058 -0.000180 -0.001049
6 0.000000 0.000000 0.000000 0.000000 -0.000000 0.000000
7 3.690000 1.804120 1.843740 0.000959 0.001193 -0.002012
8 3.466540 2.032140 2.010650 -0.000271 -0.000543 -0.000039
9 3.586220 1.813540 1.762200 -0.001325 -0.000211 -0.002164
10 3.533660 1.780040 1.881040 -0.000450 0.000099 -0.002001
11 3.506810 1.844770 1.815280 -0.000731 0.000223 -0.001542
12 3.554790 1.870280 1.821290 -0.001101 0.000071 -0.001593
13 -0.193961 -0.259652 1.149650 0.005000 -0.003087 -0.000000
14 3.661270 1.459710 2.844380 0.003839 -0.002245 -0.003353
15 3.501660 1.773770 2.930730 0.003516 -0.003155 -0.001507
16 3.558580 1.625460 2.859610 0.003667 -0.002965 -0.003477
17 3.343610 1.805020 2.956540 0.003562 -0.003840 -0.001284
18 3.676850 1.705720 2.956920 0.003853 -0.003189 -0.001932
19 3.358360 1.810250 2.858920 0.003714 -0.003185 -0.001295
20 -0.337689 -0.462629 1.608780 0.006988 -0.004342 -0.000824
21 3.369040 1.518250 3.035020 0.005560 -0.003496 -0.004438
22 3.132560 1.633140 3.263900 0.004917 -0.004394 -0.003209
23 3.733590 1.603780 2.894630 0.003162 -0.003517 -0.004665
24 3.539790 1.373050 3.227180 0.005105 -0.003742 -0.005061
25 3.621130 1.357400 3.347570 0.006304 -0.004595 -0.004959
26 3.622680 1.351920 3.350140 0.005900 -0.004707 -0.004921
27 -0.273866 -0.929800 2.502390 0.008154 -0.009199 -0.004425
28 3.497900 1.076300 3.838680 0.005768 -0.007816 -0.006563
29 3.396080 1.204860 3.964910 0.005951 -0.008400 -0.006372
30 3.566070 1.177120 3.803070 0.005598 -0.007643 -0.006754
31 3.694460 1.105890 3.921580 0.006635 -0.007713 -0.006243
32 3.805900 0.913350 3.569800 0.005173 -0.006824 -0.008591
33 3.557910 1.045340 3.836590 0.006528 -0.007463 -0.006655
34 3.600300 1.285170 3.579900 0.005935 -0.006076 -0.005785
