0 0.000000 0.000000 0.000000 0.000000 -0.000000 0.000000
1 3.513270 1.931680 1.819520 -0.000312 0.000408 -0.000608
2 3.594580 1.902550 1.697770 0.000253 0.001839 -0.001270
3 3.391220 1.875250 1.775180 0.000454 0.000992 -0.001288
4 3.374790 1.780590 1.840740 -0.000661 -0.000029 -0.001582
5 3.372340 2.037070 1.900040 -0.001252 -0.000941 0.000222
6 3.465470 1.986580 1.778180 -0.001659 -0.000099 -0.000703
7 0.370406 -0.102226 0.110453 0.000283 0.000889 -0.001676
8 4.095500 2.068450 1.982000 -0.000777 0.000577 -0.003435
9 3.811260 2.114760 2.154490 -0.000278 0.000014 -0.002527
10 4.049450 1.806380 2.053980 -0.000438 0.000311 -0.004384
11 4.044580 1.821870 2.041320 -0.000200 0.000582 -0.005010
12 4.109440 1.667830 2.076650 -0.000328 0.000405 -0.005027
13 3.946840 1.973240 2.112200 -0.000282 0.000606 -0.003539
14 0.298767 -0.281422 0.889365 0.003395 -0.001235 -0.002222
15 3.685490 1.765550 2.703040 0.003289 -0.001281 -0.003237
16 3.862020 1.712890 2.613550 0.002854 -0.000648 -0.003627
17 4.205330 1.570700 2.879460 0.003479 -0.001928 -0.005201
18 3.825050 1.952630 2.801030 0.003199 -0.001807 -0.002803
19 3.917000 1.665120 2.617670 0.002165 -0.001230 -0.004728
20 3.969890 1.678080 2.560810 0.003209 -0.001796 -0.004031
21 0.022335 -0.573076 1.679940 0.007327 -0.003142 -0.002453
22 3.949270 1.802670 2.316110 0.006580 0.001674 -0.003432
23 3.621350 1.437540 3.060530 0.005027 -0.002214 -0.005232
24 3.892910 1.351660 3.325360 0.005206 -0.003553 -0.006873
25 3.659600 1.555190 3.377810 0.005668 -0.003253 -0.004233
26 4.026080 1.295790 3.264360 0.005571 -0.002969 -0.007743
27 3.643770 1.594510 3.489880 0.006055 -0.004088 -0.004903
28 0.147513 -1.164510 2.703370 0.008772 -0.008683 -0.006869
29 4.064990 0.806801 4.240880 0.007499 -0.008065 -0.010452
30 4.195260 0.711389 3.601330 0.007186 -0.004477 -0.011630
31 3.689290 0.878538 3.947370 0.007482 -0.007602 -0.009930
32 4.014940 0.758507 4.054060 0.007111 -0.007458 -0.010186
33 4.031000 0.842477 3.083440 0.004877 -0.004581 -0.010634
34 4.248940 0.631153 4.241920 0.007558 -0.007716 -0.011715
35 4.153090 0.648637 3.831070 0.007688 -0.006301 -0.010830
