0 0.642204 0.386388 1.100850 0.000000 0.003389 -0.005068
1 2.376150 0.261405 0.926973 0.001345 0.002082 -0.004746
2 2.495180 0.411154 2.155000 0.000437 -0.006336 -0.004280
3 2.609650 0.412068 0.810701 0.000102 0.002184 -0.003898
4 2.958430 0.381622 0.902503 0.000052 0.001645 -0.004474
5 2.301550 0.352249 0.848504 -0.000347 0.002025 -0.003490
6 0.000000 0.000000 0.000000 0.000000 -0.000000 0.000000
7 2.586930 2.022190 1.903180 -0.000325 0.000277 -0.000670
8 2.666740 1.904980 1.909460 0.000196 0.000576 -0.000820
9 2.596010 1.914560 1.778180 -0.001804 -0.000525 -0.000791
10 2.410880 1.839740 2.015420 -0.000704 -0.001854 -0.001065
11 2.538720 1.868180 2.032430 -0.000526 -0.000681 -0.000909
12 2.582680 1.858080 1.968090 0.000144 0.000000 -0.001422
13 0.076806 -0.264547 -0.355422 -0.002134 -0.001042 -0.002081
14 3.289490 2.135790 1.746790 -0.001332 -0.000899 -0.000210
15 2.895930 2.432340 1.697990 -0.002507 -0.001596 0.001688
16 3.472860 1.865510 1.866360 -0.000859 -0.001503 -0.001975
17 3.017010 2.325400 1.627380 -0.003130 -0.001470 0.001151
18 3.293910 2.222970 1.542100 -0.003503 -0.001169 -0.000233
19 3.390530 1.846280 1.736840 -0.002094 -0.001607 -0.002660
20 -0.249492 0.401270 -0.019975 -0.001368 -0.002544 -0.000000
21 3.293570 2.553320 1.914350 -0.002145 -0.002660 -0.001381
22 3.195600 2.498410 1.913760 -0.002607 -0.002917 0.000051
23 3.572620 2.091500 1.997160 -0.001048 -0.002504 -0.004101
24 3.399850 2.463110 1.938140 -0.002290 -0.002971 -0.001185
25 3.550770 2.513530 2.147250 -0.002542 -0.003850 -0.000992
26 3.290440 2.428810 1.906940 -0.001649 -0.002097 -0.002591
27 -0.467743 -0.317880 0.761836 -0.000000 -0.005445 -0.000727
28 3.319750 1.760110 2.644810 -0.000534 -0.005469 -0.003780
29 2.388550 1.995690 2.608960 0.000064 -0.004522 -0.000321
30 3.188610 2.179380 2.695480 -0.001136 -0.005957 0.000416
31 2.919910 1.803860 2.675100 -0.000449 -0.005195 -0.000688
32 2.945630 2.146040 2.506420 -0.001547 -0.004842 0.000162
33 3.210500 2.205460 2.592240 -0.001953 -0.005830 -0.000559
34 2.351090 2.340970 2.484630 -0.002130 -0.004959 0.000359
