0 0.000000 0.000000 0.000000 0.000000 -0.000000 0.000000
1 2.477380 1.986220 2.042230 0.000195 -0.000378 -0.000303
2 3.150840 1.993470 1.337530 -0.000986 0.000066 0.000549
3 2.699220 1.890210 1.829490 0.000963 -0.000963 -0.000010
4 3.105880 1.942550 1.880070 0.001735 -0.001411 0.000225
5 2.163990 2.008950 1.715970 0.000748 -0.001027 0.000396
6 2.457530 2.011140 1.210610 -0.000464 0.000460 0.000786
7 -0.629555 -0.413629 -1.076930 0.000058 -0.003360 0.004923
8 1.336010 1.427310 0.649017 -0.000383 -0.003157 0.005027
9 1.914230 1.264990 0.854874 0.000126 -0.002934 0.003436
10 1.450480 1.225070 0.353622 -0.001180 -0.001922 0.004251
11 1.410160 1.327870 0.490752 0.000268 -0.002681 0.004394
12 1.723700 1.108940 0.714053 0.000027 -0.002214 0.004140
13 1.719710 1.451170 0.821107 0.000907 -0.002645 0.004744
14 -0.536066 -0.585660 -1.508220 -0.002490 -0.003896 0.002996
15 1.693680 1.224600 0.350880 -0.002525 -0.003173 0.002338
16 1.574390 1.331940 0.316732 -0.002348 -0.003740 0.003200
17 1.586050 1.383720 0.446707 -0.002023 -0.004109 0.003098
18 1.882370 1.382100 0.538989 -0.002061 -0.003212 0.003526
19 1.901450 1.254530 0.406126 -0.002305 -0.003660 0.002744
20 2.099510 1.217260 0.368161 -0.002357 -0.002710 0.002828
21 -0.735694 -0.212035 -1.069070 -0.000871 -0.005526 0.004025
22 1.302920 1.375560 0.682404 -0.001123 -0.004537 0.003747
23 1.920360 1.306830 0.822795 -0.000244 -0.004413 0.003519
24 2.106350 0.843726 0.793373 -0.000500 -0.004577 -0.000622
25 1.983250 1.275570 0.820080 -0.000723 -0.004598 0.003385
26 2.080180 1.642560 0.910215 -0.000818 -0.005090 0.004571
27 1.685870 1.439140 1.017990 0.000351 -0.004863 0.003055
28 -1.048500 -0.667262 -0.448585 -0.000546 -0.008483 0.003810
29 1.512900 1.290940 1.226660 -0.001029 -0.007840 0.003034
30 1.735970 1.351490 1.173320 -0.000885 -0.007016 0.003249
31 1.912580 1.092320 1.488050 -0.000676 -0.009488 0.003105
32 1.375460 1.312330 1.320540 -0.001441 -0.007922 0.003556
33 1.608320 1.281200 1.216820 -0.001818 -0.007858 0.003435
34 1.552690 1.360670 1.295830 -0.002241 -0.008650 0.003564
35 1.823700 1.302530 1.210010 -0.002128 -0.008134 0.003026
