0 -0.140717 -0.714827 1.281990 0.008212 -0.002920 -0.001168
1 3.410810 1.382090 3.116580 0.007517 -0.002685 -0.002794
2 3.593980 1.349720 2.873470 0.005972 -0.002296 -0.003306
3 3.660120 1.193100 3.050770 0.007422 -0.002355 -0.004416
4 3.344170 1.422830 3.025810 0.006957 -0.002818 -0.001583
5 3.315190 1.595980 3.028380 0.007067 -0.002509 -0.001579
6 3.399420 1.476210 3.018030 0.006511 -0.002899 -0.001745
7 0.000000 0.000000 0.000000 0.000000 -0.000000 0.000000
8 3.207990 2.032690 2.102950 0.001484 -0.000000 0.000000
9 3.272020 1.979760 2.031780 0.000962 -0.000279 -0.000952
10 3.385130 2.140240 1.883030 0.000068 0.000485 0.000235
11 3.329920 2.101630 1.987020 0.000806 0.000122 -0.000000
12 3.429860 1.938460 1.931640 0.000261 0.000085 -0.000580
13 2.836450 2.116360 1.931410 0.000221 0.000000 0.000000
14 0.158576 0.254446 -0.786075 -0.004577 0.001631 -0.000000
15 3.768220 2.037840 1.411040 -0.003858 0.000684 -0.003179
16 3.761210 2.154800 1.376720 -0.003653 0.001263 -0.001892
17 3.424060 2.437570 1.386290 -0.003423 0.001151 -0.000031
18 3.731580 2.276110 1.316190 -0.003999 0.001405 -0.000922
19 3.851180 2.118220 1.273930 -0.004320 0.001479 -0.001588
20 3.756630 2.440510 1.330970 -0.003876 0.001279 0.000589
21 0.212565 0.335821 -0.795759 -0.004031 0.002130 -0.000000
22 3.589660 2.307360 1.368560 -0.001841 0.001927 -0.001234
23 3.449070 2.296730 1.309860 -0.002546 0.001524 -0.000759
24 3.824770 2.178270 1.433780 -0.001467 0.001664 -0.003628
25 3.678910 2.245340 1.371420 -0.002732 0.001800 -0.002714
26 3.672000 2.550340 1.251700 -0.002585 0.002505 0.000057
27 0.241515 0.143865 -0.912552 -0.003626 0.002580 -0.000000
28 4.046470 2.073010 1.213530 -0.002990 0.002512 -0.003170
29 3.938410 1.977000 1.240290 -0.002767 0.002330 -0.003690
30 3.922710 2.388610 1.360200 -0.002311 0.001757 -0.000462
31 4.049640 2.088880 1.179050 -0.003143 0.002414 -0.002463
32 3.833870 1.984850 1.294890 -0.002457 0.002277 -0.002460
33 3.919520 2.410130 1.339800 -0.002438 0.001949 -0.000861
34 4.060700 1.937570 1.310780 -0.001951 0.002494 -0.002844
