0 0.000000 -0.023046 0.038674 0.000306 -0.000000 0.000000
1 2.889190 2.090090 2.081380 0.000889 -0.000152 -0.000691
2 3.445770 2.035240 1.889340 0.000070 0.000590 -0.000208
3 3.459230 2.074230 1.989140 0.000772 0.000302 0.000097
4 3.454490 1.968320 2.025810 0.001006 -0.000085 -0.000786
5 3.330040 1.964110 2.006830 0.000833 -0.000000 -0.000922
6 3.215660 1.968410 2.212870 0.000728 -0.001390 -0.000529
7 0.118392 0.656278 -1.163690 -0.007954 0.002308 0.000958
8 3.894860 2.504030 0.910696 -0.006875 0.001726 -0.002469
9 3.568200 2.741040 1.231300 -0.006330 0.000730 -0.000152
10 3.682470 2.477100 0.893251 -0.007350 0.002265 -0.001514
11 3.890260 2.580890 0.933567 -0.006763 0.002121 -0.001921
12 3.759540 2.564810 0.923267 -0.007131 0.001939 -0.000516
13 3.721340 2.848010 0.990934 -0.007131 0.001664 0.000415
14 0.237064 0.956161 -1.989370 -0.012501 0.004314 0.001406
15 3.942600 2.875870 0.284491 -0.010629 0.003213 -0.000311
16 3.690630 2.922030 0.478328 -0.010003 0.001584 0.000936
17 3.671010 2.962610 0.251851 -0.011819 0.002795 0.000444
18 3.680400 2.963010 0.253426 -0.010988 0.003755 0.000852
19 3.783360 3.033010 0.308900 -0.010702 0.002730 0.001715
20 4.004390 2.712460 0.334519 -0.010791 0.002947 -0.000687
21 0.257677 1.013670 -1.954270 -0.012296 0.004088 0.001113
22 3.659850 2.620640 1.002820 -0.003794 0.000658 0.000311
23 3.301300 2.586710 1.054560 -0.004769 -0.000298 0.001263
24 3.702380 2.546670 0.798710 -0.004825 0.002064 -0.000337
25 3.847540 2.971380 0.254229 -0.010069 0.003431 -0.000792
26 3.741530 3.086700 0.435979 -0.009551 0.002907 0.001047
27 3.911800 2.928480 0.196170 -0.010534 0.003716 -0.002840
28 0.332802 0.757411 -1.999380 -0.011459 0.004428 0.000689
29 4.001130 2.897550 0.302491 -0.009662 0.003925 -0.000404
30 4.030810 2.455160 0.330286 -0.009920 0.003770 -0.002564
31 3.819430 2.913200 0.288375 -0.010002 0.003768 0.001145
32 4.061050 2.837320 0.394123 -0.009530 0.003437 -0.000397
33 4.232870 2.661320 0.291250 -0.009265 0.003426 -0.001073
34 4.336580 2.572070 0.277805 -0.009886 0.004016 -0.001092
35 3.702580 2.638980 0.301326 -0.009659 0.003677 0.000042
