0 -0.061956 -0.130084 0.353816 0.005173 0.000786 0.000976
1 3.093920 2.064900 1.941230 0.002392 0.000990 0.001040
2 3.166550 2.145400 1.896310 0.002107 0.001162 0.002585
3 3.324060 2.206300 1.901000 0.002413 0.001355 0.002854
4 3.308850 2.154930 2.043610 0.003486 0.001219 0.002267
5 3.179130 2.317340 1.895190 0.001702 0.000728 0.003030
6 3.340370 2.069420 1.839150 0.001432 0.000995 0.001255
7 0.000000 0.000000 0.000000 0.000000 -0.000000 0.000000
8 2.583690 1.940620 1.593130 -0.001871 0.000175 0.000147
9 2.411810 2.019110 1.739190 -0.001956 -0.000769 0.000610
10 2.495630 1.897030 1.592950 -0.002242 0.000075 -0.000000
11 2.590070 1.831100 1.745510 -0.001479 -0.000385 -0.001298
12 2.619990 1.989030 1.681310 -0.001475 -0.000000 0.000251
13 2.656810 1.745640 1.644510 -0.001515 0.000082 -0.001754
14 -0.049128 0.118240 -0.158401 -0.003831 -0.001411 -0.000824
15 3.268960 2.021270 1.512460 -0.002939 -0.000125 -0.001228
16 3.275480 2.034490 1.655480 -0.003365 -0.001021 -0.001088
17 3.263250 2.032590 1.692860 -0.002638 -0.000811 -0.000826
18 3.297130 2.096040 1.546420 -0.004551 -0.001368 -0.001016
19 3.341040 1.848860 1.534280 -0.005001 -0.001298 -0.003230
20 3.500280 2.025510 1.516040 -0.003522 -0.000910 -0.001826
21 0.090503 0.276204 -0.531085 -0.006075 -0.000882 -0.001261
22 3.264080 2.541440 1.137160 -0.007377 -0.000242 -0.000150
23 3.133910 2.561920 1.107490 -0.007688 -0.000324 0.000590
24 2.725460 3.074900 1.259020 -0.006036 0.000032 0.003426
25 3.197540 2.745710 1.193740 -0.006510 -0.001301 0.001611
26 3.435120 2.500410 1.115290 -0.006063 0.000119 0.000394
27 2.739290 3.236850 1.200640 -0.006736 -0.001151 0.003740
28 0.092711 0.154120 -0.609072 -0.006290 -0.000610 -0.001454
29 3.336460 1.986320 1.205440 -0.006642 -0.000368 -0.002872
30 2.902480 2.479450 0.908051 -0.006326 0.001442 0.001115
31 3.421670 2.142340 1.014080 -0.006410 -0.000565 -0.000152
32 3.069970 2.110600 1.556340 0.000456 0.000304 0.000411
33 3.242970 2.386410 1.231260 -0.006333 -0.001374 0.000969
34 2.685540 1.969940 1.897770 0.000444 -0.004969 0.000493
35 3.139120 2.305670 1.443170 -0.003732 -0.002707 0.000989
