0 0.000000 0.000000 0.000000 0.000000 -0.000000 0.000000
1 2.604010 1.964880 1.692900 -0.001364 0.000206 -0.000436
2 2.883860 1.754390 1.472720 -0.002570 0.000599 -0.001721
3 2.522990 1.945700 1.595810 -0.001800 -0.000128 -0.000174
4 2.713530 1.993830 1.611150 -0.002404 0.000111 0.000352
5 2.587260 1.795510 1.556690 -0.002163 0.000000 -0.001537
6 2.563300 1.828330 1.602880 -0.002640 -0.000509 -0.001000
7 0.031841 0.132644 -0.382083 -0.005420 -0.000971 -0.000905
8 3.200060 2.258510 1.389810 -0.005831 -0.001347 0.000030
9 3.479840 1.938130 1.125750 -0.004911 -0.000736 -0.003533
10 3.088330 1.978360 1.766530 -0.001505 -0.004063 -0.001493
11 3.056570 2.323510 1.710230 -0.003419 -0.002442 0.000462
12 3.427950 1.872350 1.082910 -0.007063 -0.000087 -0.003441
13 3.604540 1.935950 1.428100 -0.006093 -0.001078 -0.003770
14 0.049112 0.237419 -0.598437 -0.009138 -0.001867 -0.001767
15 2.833860 2.549680 1.180420 -0.003343 -0.001394 0.001570
16 3.458780 2.155600 0.995627 -0.005257 -0.000858 -0.002197
17 2.637950 2.752080 1.053300 -0.008264 -0.000539 0.002157
18 3.537950 2.017050 1.099880 -0.004545 -0.001566 -0.003346
19 3.472240 2.270330 0.771901 -0.005895 -0.001105 -0.001342
20 3.432410 1.996760 0.908221 -0.005241 -0.001877 -0.003707
21 0.213541 0.371726 -0.970901 -0.011361 -0.001079 -0.002426
22 3.376270 2.549230 0.605007 -0.008694 0.001796 -0.000623
23 3.869800 2.121860 0.301200 -0.007212 0.003000 -0.003729
24 3.837250 1.987710 0.736159 -0.005335 0.001617 -0.004451
25 3.503580 2.162790 0.606400 -0.010258 -0.000067 -0.004378
26 3.616770 2.388650 1.210250 -0.004366 -0.001066 -0.001619
27 3.071500 2.626140 0.783222 -0.006154 -0.000914 0.000044
28 0.235885 0.258503 -1.133880 -0.012078 -0.000705 -0.002553
29 3.535610 2.020640 1.005240 -0.004307 0.000049 -0.002778
30 3.403730 2.364490 0.687484 -0.008902 0.001324 -0.000580
31 3.249400 2.396650 1.013040 -0.004483 -0.000054 0.000323
32 3.348630 2.110110 1.257670 -0.005124 -0.002498 -0.002263
33 3.371540 2.082370 1.113780 -0.004794 -0.002016 -0.002196
34 3.136390 2.131200 0.896961 -0.004204 -0.000771 -0.000362
35 3.388090 2.125010 0.673782 -0.005585 -0.000703 -0.001994
