0 -0.301839 -0.377932 0.910632 0.009897 -0.000000 0.002043
1 3.300810 1.638360 2.500510 0.006205 -0.000540 -0.001084
2 2.970000 2.034160 2.479100 0.005885 -0.001196 0.002325
3 3.457210 1.706250 2.361760 0.005580 -0.000457 -0.001662
4 3.467740 1.764960 2.074960 0.002308 -0.001046 -0.000796
5 3.111680 2.121520 2.227420 0.004461 -0.000349 0.002123
6 3.317010 1.706450 2.082540 0.000719 -0.003115 -0.000565
7 0.000000 0.000000 0.000000 0.000000 -0.000000 0.000000
8 3.204980 1.947950 1.597150 -0.000133 -0.000495 0.000022
9 3.298200 1.771570 1.684050 -0.001026 -0.000470 -0.000883
10 3.054840 2.189410 1.309900 -0.000576 0.000652 0.001849
11 2.627030 1.924270 1.670590 -0.001185 0.000297 -0.000058
12 2.561160 1.870410 1.661100 -0.001115 -0.000101 -0.001973
13 0.822258 -0.470723 -0.981852 -0.004346 0.004594 -0.005114
14 3.213260 2.343870 0.805969 -0.003961 0.003446 -0.001076
15 3.429750 2.333660 0.831060 -0.005628 0.003676 -0.001053
16 3.885270 1.854840 0.611867 -0.002978 0.005766 -0.003041
17 4.197130 1.768350 0.603034 -0.003800 0.005698 -0.003654
18 1.204960 -0.609642 -1.233130 0.001246 0.009975 -0.005137
19 4.450820 1.984400 0.580813 -0.000847 0.009049 -0.002977
20 3.319080 1.693790 1.447840 -0.000892 -0.000780 -0.004210
21 3.629530 2.772220 0.876055 -0.001350 0.005352 0.002171
22 -0.801018 -0.702629 2.046060 0.010703 -0.001344 0.001368
23 2.520690 1.304000 3.532120 0.007905 -0.000790 -0.002855
24 2.582130 1.461090 3.790710 0.009323 -0.001114 -0.001001
25 2.198780 1.929290 3.499360 0.004588 -0.002669 0.001246
