0 0.000000 0.000000 0.000000 0.000000 -0.000000 0.000000
1 3.004900 2.465260 1.549740 -0.000862 0.000834 0.003182
2 3.029140 1.941030 1.578180 -0.001908 0.000093 -0.000254
3 3.095000 2.294430 1.538740 -0.001973 -0.000280 0.001673
4 3.197180 2.264080 1.567990 -0.002586 -0.000055 0.001153
5 3.243500 1.793320 1.606520 -0.002621 -0.000323 -0.001955
6 3.221410 2.011550 1.362800 -0.003544 0.000322 0.000147
7 0.313595 0.314873 -0.868996 -0.010054 -0.000423 -0.002643
8 3.411650 2.292210 1.267920 -0.001314 0.000157 -0.001548
9 3.693240 2.017870 1.388040 -0.001498 -0.000365 -0.002533
10 3.396050 2.486400 1.090010 -0.002241 0.000168 0.000393
11 3.546720 2.733240 0.861788 -0.008800 0.000865 -0.000012
12 3.689880 2.070380 0.764578 -0.010176 0.000856 -0.005367
13 3.585690 2.119260 0.884520 -0.009821 -0.000472 -0.005228
14 0.907518 -0.073619 -1.624490 -0.014058 0.002609 -0.006820
15 3.430530 2.232060 0.387323 -0.006710 0.001489 -0.003641
16 3.978840 1.876750 0.788639 -0.004496 0.001241 -0.006272
17 3.299000 2.342050 0.914810 -0.003089 0.002655 -0.001716
18 3.912560 1.939680 0.453187 -0.003372 0.004106 -0.004213
19 3.871330 1.902360 0.272136 -0.005787 0.003041 -0.004832
20 3.570150 2.088920 0.520308 -0.005116 0.002373 -0.002635
21 1.396970 -0.130308 -2.246330 -0.010000 0.009662 -0.006905
22 4.526780 2.368670 -0.422565 -0.011610 0.008228 -0.004255
23 3.733110 2.785330 0.195802 -0.008790 0.006555 -0.003101
24 3.045340 1.896040 1.117160 -0.004326 -0.001110 -0.003115
25 3.039780 2.289720 0.810586 -0.007338 -0.002243 -0.003186
26 3.537220 2.336120 0.453222 -0.008003 0.001319 -0.003354
27 3.764290 2.368890 0.388258 -0.003465 0.006564 -0.002585
28 -0.708562 -0.221874 1.023510 -0.000197 -0.001529 0.000442
29 2.741930 2.089710 1.680730 0.002178 0.006425 -0.000844
30 1.791520 2.296260 2.859580 -0.002083 -0.002377 0.000714
31 2.451700 2.256920 1.533140 0.002279 0.007999 0.000898
32 2.415930 1.980540 2.903930 0.005765 0.000283 -0.000770
33 1.800080 2.165440 2.974170 0.000071 -0.001765 0.001267
34 2.752060 1.820740 1.594290 0.004053 0.002225 -0.002175
35 2.758370 1.999160 1.639210 0.002682 0.006863 -0.000670
