0 -0.044754 -0.212444 -0.251026 0.000111 -0.000000 -0.000666
1 3.843410 1.728040 1.886410 -0.000812 -0.001259 -0.001928
2 4.009140 1.343840 1.739690 -0.001528 -0.000274 -0.007745
3 3.138480 2.325610 1.916950 0.000189 -0.001047 0.002433
4 4.051170 1.241200 2.007620 -0.001100 -0.001707 -0.004990
5 3.904310 1.808520 1.896770 -0.001809 -0.001615 -0.002215
6 2.625010 3.038270 1.771810 -0.002401 -0.001144 0.006192
7 0.000000 0.000000 0.000000 0.000000 -0.000000 0.000000
8 3.486080 1.532710 1.925350 -0.000736 -0.000529 -0.003003
9 3.290630 1.864390 1.998920 -0.000143 -0.000199 0.000071
10 3.347440 1.565400 1.988650 0.000000 -0.000546 -0.002309
11 3.648840 1.487050 1.993230 0.000942 0.000139 -0.003435
12 3.206890 1.607510 2.026730 -0.000207 -0.000651 -0.002072
13 3.323400 2.023220 1.841190 0.000425 0.000863 0.001338
14 -0.064575 -0.254381 0.388732 0.003039 0.000000 0.000959
15 3.692230 1.660480 2.193960 0.001859 -0.000458 -0.002361
16 3.684370 1.587230 2.272840 0.001570 -0.000668 -0.003255
17 3.669310 1.640190 2.298220 0.001800 -0.000765 -0.002750
18 3.842070 1.181800 2.261060 0.001358 -0.000673 -0.005081
19 3.720720 1.382620 2.201350 0.001759 -0.000743 -0.004755
20 3.700860 1.537270 2.484090 0.003581 -0.001857 -0.002632
21 0.039006 0.175526 0.157530 0.002843 0.001305 0.001006
22 3.473680 2.134200 2.058850 0.001339 0.000405 -0.001518
23 3.941410 1.960330 1.859870 0.001045 0.001618 -0.003871
24 3.962700 1.761670 1.983250 0.000884 0.000765 -0.005282
25 3.868280 1.598780 2.098360 0.001620 0.000401 -0.005722
26 3.909270 1.824340 2.122870 0.001464 0.000402 -0.003479
27 3.427650 2.258620 2.185230 0.002082 0.000499 0.000197
28 -0.064602 -0.338369 0.601978 0.004908 -0.000000 0.001020
29 3.110990 2.696270 2.500080 0.003294 -0.000923 0.004878
30 3.813670 1.589570 2.494570 0.003359 -0.000623 -0.003646
31 3.914650 1.679580 2.435610 0.003439 -0.000527 -0.003119
32 3.709740 1.866970 2.480870 0.003837 -0.000386 -0.000985
33 3.798700 1.706550 2.448970 0.004624 -0.000635 -0.001948
34 3.744600 1.436190 2.504460 0.003131 -0.000893 -0.004353
35 3.796480 1.394360 2.430000 0.003476 -0.000457 -0.005095
