0 0.000000 0.000000 0.000000 0.000000 -0.000000 0.000000
1 3.403770 1.676950 1.875130 -0.000908 0.000092 -0.001728
2 3.302950 2.006010 2.026360 0.000361 -0.000540 0.000407
3 3.273320 2.010400 1.940290 -0.001105 -0.000756 0.000522
4 3.582620 1.638010 1.840350 -0.000932 -0.000326 -0.002594
5 3.231510 1.939880 1.942160 -0.000298 -0.000124 0.000314
6 3.412270 1.680430 1.815490 -0.000497 0.000133 -0.001730
7 0.076570 -0.001103 0.434212 0.002274 0.000525 0.000756
8 3.413490 2.326010 1.802330 0.002090 0.001103 0.001548
9 3.321810 2.314040 2.286030 0.001124 0.000496 0.001347
10 3.328810 2.218030 2.215560 0.001036 0.000563 0.000892
11 2.682930 3.057580 2.321230 0.001848 0.000829 0.005969
12 3.514530 2.191030 2.213990 0.001935 0.000093 0.001223
13 2.773250 3.013860 2.337640 0.002122 0.000072 0.005958
14 -0.121011 -0.082176 0.718820 0.003678 -0.000024 0.002070
15 3.719760 1.757320 2.282280 0.002403 0.000409 -0.003565
16 3.648190 1.808590 2.398510 0.002058 -0.000319 -0.002657
17 3.743210 1.601740 2.364400 0.002507 0.000169 -0.004746
18 3.744700 1.544950 2.600600 0.002461 -0.000860 -0.003566
19 3.621170 1.721200 2.250150 0.001506 0.000015 -0.003221
20 3.802890 1.479390 2.520260 0.002280 -0.000491 -0.004915
21 0.018273 0.023272 0.777627 0.005875 0.000911 0.001778
22 3.561690 2.295680 2.264370 0.003724 0.001558 0.001157
23 3.509970 2.274980 2.423370 0.004422 0.000313 0.001261
24 3.766860 2.043840 2.566310 0.005086 0.000981 -0.002129
25 3.694080 2.047930 2.459760 0.003726 0.000646 -0.001536
26 3.559310 2.392950 2.510680 0.004786 0.001061 0.003409
27 2.739790 3.146720 2.635310 0.005072 0.000277 0.007018
28 -0.006325 -0.374541 1.062310 0.007338 0.000065 0.001405
29 3.884790 1.484550 2.626930 0.006440 -0.000120 -0.005216
30 3.773730 1.604060 2.761940 0.005715 -0.000127 -0.003282
31 3.816230 1.458620 2.786650 0.005473 -0.000223 -0.003850
32 3.641800 1.431490 2.871230 0.005709 -0.000406 -0.004473
33 3.677350 1.650260 2.731110 0.005398 -0.000087 -0.001920
34 3.935750 1.175250 2.767940 0.006221 -0.000125 -0.006797
35 3.891850 1.454820 2.749720 0.005790 -0.000214 -0.004481
