0 -0.179581 0.179931 0.510256 0.000000 -0.003040 0.000000
1 3.299870 2.433390 2.283070 -0.001053 -0.002408 -0.000153
2 3.274240 2.470530 2.271940 -0.000630 -0.002670 0.001434
3 2.587660 2.952130 2.454300 -0.000693 -0.003431 0.005158
4 3.265940 2.308080 2.457460 0.000034 -0.003172 0.000979
5 3.311750 2.250560 2.472100 -0.000244 -0.003099 -0.000149
6 3.179550 2.338690 1.893670 -0.000283 -0.003310 0.000841
7 0.000000 0.008718 -0.014671 -0.000123 -0.000000 0.000000
8 3.254330 2.077280 1.883700 -0.000635 -0.000028 0.001349
9 3.136060 1.719450 1.884970 -0.000585 -0.000112 -0.001759
10 3.291710 2.035130 1.885770 -0.000489 -0.000000 0.000475
11 3.337580 1.920790 1.814720 -0.000720 0.000350 -0.000132
12 3.359760 1.913970 1.886530 0.000441 0.000431 -0.000286
13 3.277550 2.011080 1.940000 -0.000834 -0.000135 0.000178
14 0.184358 0.234530 -0.484603 -0.002254 0.001911 -0.000000
15 3.552090 2.126680 1.401610 -0.002058 0.002644 -0.002299
16 3.658070 2.181460 1.283460 -0.003436 0.002402 -0.002375
17 3.785040 1.949130 1.405880 -0.002812 0.001952 -0.003395
18 3.599850 2.280810 1.427220 -0.003188 0.001671 -0.000620
19 3.588310 1.900120 1.377450 -0.002918 0.002064 -0.002139
20 3.568750 2.230320 1.418540 -0.002798 0.002101 -0.001627
21 0.102014 0.573977 -0.587682 -0.004198 0.000523 0.000000
22 3.518810 2.751430 1.351830 -0.004630 0.000514 0.000379
23 3.400270 2.615450 1.440590 -0.004129 0.000052 0.001013
24 3.410950 2.632700 1.445180 -0.004561 -0.000121 0.000123
25 3.449690 2.555560 1.353410 -0.004116 -0.000061 -0.000934
26 3.246760 3.233830 1.359370 -0.004562 0.000352 0.004921
27 -0.256733 0.891251 -0.145163 -0.004222 -0.000469 0.002464
28 3.566850 2.403760 1.789270 -0.003500 -0.000584 -0.003179
29 3.226330 2.879660 1.195310 -0.000027 -0.000135 0.002235
30 3.306250 2.656640 1.710120 -0.004483 -0.000170 0.000825
31 3.279970 2.845050 1.552150 -0.003340 0.001223 0.001717
32 3.090460 3.365590 1.628600 -0.004500 -0.000714 0.006153
33 3.165810 2.798560 1.819210 -0.003269 -0.000876 0.001547
34 3.192850 2.747830 1.826360 -0.002967 -0.000498 0.001480
