0 0.000000 -0.021950 0.037015 0.000312 -0.000000 0.000000
1 3.356500 1.896620 1.919070 0.000419 0.000731 -0.000000
2 3.321800 1.992890 1.857690 -0.000235 0.000435 0.000238
3 3.153520 1.832500 1.977010 -0.000056 -0.000229 -0.000253
4 3.253330 1.975170 1.894010 -0.000519 0.000002 0.000466
5 3.367140 1.978330 2.009430 -0.000076 -0.000405 0.000000
6 3.203060 2.001780 1.901190 -0.000261 0.000025 0.001099
7 0.180275 -0.217307 -0.502359 0.000198 0.002862 -0.000050
8 3.568910 1.955440 1.516150 -0.000220 0.002443 0.000332
9 3.234510 2.361080 1.432360 -0.000252 0.003112 0.003193
10 3.610090 2.074090 1.482380 0.000040 0.002789 0.001930
11 3.465290 2.234940 1.351770 -0.000462 0.003415 0.002020
12 3.639410 1.733060 1.358320 -0.001006 0.003006 -0.000229
13 3.343430 2.298100 1.392180 -0.000483 0.003120 0.001864
14 0.311670 -0.053451 -0.840267 -0.002332 0.003740 -0.000319
15 3.610890 1.883440 1.083200 -0.002874 0.003947 -0.001623
16 3.665210 2.159090 1.260190 -0.002523 0.003343 0.000662
17 3.839450 1.926780 1.155410 -0.002546 0.003763 -0.001662
18 3.690960 2.302390 1.126450 -0.003126 0.003540 0.000909
19 3.740830 2.111140 1.161940 -0.003231 0.003129 -0.000323
20 3.731660 1.890240 1.153760 -0.002383 0.003806 -0.001246
21 0.228945 0.486498 -1.107770 -0.004677 0.003236 0.000000
22 3.539890 2.815350 1.028670 -0.004030 0.003116 0.001786
23 3.411290 2.788220 0.921816 -0.005156 0.002713 0.001740
24 3.475970 2.731870 0.836861 -0.005367 0.003196 0.001208
25 3.610720 2.656260 0.803543 -0.005575 0.003274 0.000941
26 3.137310 3.198640 0.852968 -0.005620 0.002810 0.004442
27 3.307870 2.926130 0.935577 -0.005048 0.003060 0.002300
28 -0.042118 0.869139 -1.026960 -0.006067 0.003145 0.002480
29 3.280410 2.833420 0.867581 -0.006020 0.003346 0.002246
30 3.302310 2.809490 0.891965 -0.005895 0.003325 0.002115
31 3.332140 2.914290 1.010690 -0.006297 0.002578 0.002906
32 3.486750 2.607490 0.912120 -0.006503 0.002996 0.000489
33 3.467740 2.698700 0.916034 -0.006419 0.003043 0.001579
34 3.414730 2.980260 1.014620 -0.005764 0.003163 0.003248
35 3.422560 2.579420 0.997110 -0.006156 0.002684 0.000001
