0 -0.165807 0.144961 0.226850 0.000000 -0.001801 0.000000
1 3.402880 2.037330 1.989670 -0.001167 -0.002066 -0.000618
2 3.297820 2.042820 1.872710 -0.001140 -0.001576 0.000106
3 3.470970 1.801940 2.007600 -0.001062 -0.002150 -0.002128
4 3.471240 2.042860 1.954070 -0.001039 -0.001835 -0.000241
5 3.465430 2.079670 1.881330 -0.000698 -0.001539 -0.000262
6 3.569600 1.793950 1.896170 -0.000985 -0.001669 -0.001393
7 0.000000 0.000000 0.000000 0.000000 -0.000000 0.000000
8 3.560120 1.824270 1.860560 -0.000341 -0.000733 -0.000781
9 3.681060 1.830570 1.702370 -0.001028 0.000192 -0.000957
10 3.620420 1.828790 1.654050 -0.001333 0.000172 -0.000464
11 3.546090 1.834240 1.691630 -0.000713 0.000235 -0.000744
12 3.664680 1.667670 1.613420 -0.000905 0.000659 -0.001291
13 3.634170 2.036430 1.667140 -0.000832 0.000368 0.000529
14 0.072379 -0.036775 -0.263353 -0.000000 0.001691 0.000500
15 3.489040 2.115420 1.558200 -0.000915 0.001033 0.001776
16 3.666430 2.024930 1.539430 -0.000586 0.001319 0.000846
17 3.550950 1.659060 1.553880 -0.000817 0.001431 -0.002603
18 3.717990 1.638490 1.652270 -0.001133 -0.000015 -0.001755
19 3.741550 1.695780 1.663220 -0.000887 0.000368 -0.000954
20 3.610290 1.709540 1.633620 -0.000349 0.001307 -0.001864
21 0.145284 0.169068 -0.235851 -0.000787 0.001363 -0.000000
22 3.852460 2.295980 1.605910 -0.001730 0.000735 -0.000001
23 3.669730 2.153260 1.568100 -0.001960 0.000915 -0.000300
24 3.831920 2.436260 1.447670 -0.001724 0.001806 0.001096
25 4.007280 1.919350 1.548360 -0.001707 0.001371 -0.001908
26 3.761910 1.963170 1.459880 -0.001956 0.001362 -0.001482
27 3.656730 2.219490 1.516110 -0.001252 0.001363 0.000437
28 0.125538 0.015067 -0.216300 -0.001709 0.001084 0.000000
29 3.804320 2.119050 1.284600 -0.004005 0.001308 -0.001640
30 3.753080 2.032830 1.614850 -0.001660 0.000696 -0.000404
31 3.772840 1.746290 1.613860 -0.001679 0.000708 -0.002923
32 3.819670 2.003300 1.224040 -0.003203 0.001508 -0.000593
33 3.813300 1.952480 1.510720 -0.001331 0.000962 -0.000765
34 3.708410 1.975460 1.433980 -0.000513 0.001280 -0.000006
35 3.648350 2.126050 1.637520 -0.002052 0.000430 0.000539
