0 0.000000 0.000000 0.000000 0.000000 -0.000000 0.000000
1 3.512170 1.922950 1.723600 -0.000790 0.000004 0.000113
2 3.420470 1.981050 1.755910 -0.000880 -0.000261 0.000167
3 3.629870 1.976470 1.688200 -0.000613 0.000151 -0.000202
4 3.658370 1.937540 1.739950 -0.000408 0.000000 0.000408
5 3.573950 1.952320 1.745350 -0.000633 -0.000082 -0.000133
6 3.504140 1.988710 1.555340 -0.001057 0.001007 0.000000
7 0.171597 -0.159542 -0.289197 -0.000342 0.001916 -0.000187
8 3.779750 2.168100 1.463010 -0.001777 0.001473 0.000893
9 3.846270 1.891900 1.561000 -0.001505 0.001221 -0.000462
10 3.750850 2.018340 1.358010 -0.002318 0.001784 0.000619
11 3.867550 2.022530 1.427030 -0.001577 0.001903 -0.000585
12 3.912800 1.710150 1.458870 -0.001129 0.002206 -0.001019
13 3.848770 2.143020 1.523100 -0.001638 0.001422 0.000733
14 0.155880 -0.176999 -0.325040 -0.000376 0.002228 0.000389
15 3.682020 1.787860 1.602160 -0.001089 0.000274 -0.000102
16 3.642220 2.041530 1.523960 -0.001049 0.001466 0.000657
17 3.676710 2.183800 1.439720 -0.001989 0.001654 0.000946
18 3.671500 1.741600 1.499060 -0.001281 0.001867 -0.001207
19 3.703840 2.075360 1.475120 -0.001275 0.001589 0.000238
20 3.674370 1.835520 1.482780 -0.001437 0.001602 0.000252
21 0.203004 -0.073891 -0.251164 -0.000823 0.001552 -0.000164
22 3.791870 2.215490 1.461680 -0.001270 0.001971 0.001238
23 3.629620 2.183150 1.350060 -0.003141 0.001552 0.000428
24 3.884750 2.141280 1.507010 -0.001701 0.001552 0.000480
25 3.843330 2.360350 1.533280 -0.001952 0.001220 0.001543
26 3.839590 1.700620 1.397870 -0.001830 0.002152 -0.000987
27 3.707620 2.202610 1.446970 -0.001909 0.001912 -0.000559
28 0.280077 -0.158920 -0.370502 -0.002093 0.001754 -0.000632
29 3.816990 1.861490 1.527150 -0.002482 0.001109 -0.001788
30 3.786980 2.044300 1.408390 -0.002280 0.001754 -0.000633
31 3.866880 1.757360 1.072430 -0.002883 0.003977 -0.001737
32 3.905010 1.792660 1.551960 -0.002085 0.001034 -0.000947
33 3.917900 1.853830 1.435270 -0.002635 0.001726 -0.001067
34 4.012930 1.811780 1.357030 -0.002871 0.002010 -0.001102
35 3.826940 2.004180 1.452090 -0.002806 0.001559 0.000007
