0 0.488430 -0.478080 -0.467870 0.004129 0.004592 -0.000641
1 4.226020 1.560360 1.342120 0.000625 0.004124 -0.002642
2 4.317120 1.353210 1.388060 0.002121 0.004441 -0.004704
3 4.151750 1.591430 1.264980 0.000688 0.004180 -0.001671
4 4.307590 1.726160 1.214550 0.000464 0.005042 -0.001041
5 4.153980 1.601490 1.392890 0.001367 0.004128 -0.002788
6 4.087080 1.605810 1.205750 0.000064 0.004086 -0.002631
7 0.000000 0.012102 -0.019404 -0.000168 -0.000000 0.000000
8 3.577580 1.759510 1.822630 -0.000147 0.000664 -0.001108
9 3.625750 1.611010 1.852170 -0.001436 -0.000608 -0.002462
10 3.715610 1.713660 1.778020 -0.001332 -0.000222 -0.001391
11 3.580740 1.983690 1.706140 -0.001555 0.000106 0.000950
12 3.599530 1.821880 1.959560 0.000795 -0.000265 0.000000
13 3.612060 1.611980 1.865160 -0.000629 0.000180 -0.002441
14 -0.115050 -0.299594 0.222650 -0.000000 -0.001977 -0.000553
15 3.704410 1.570600 2.150450 -0.000070 -0.001995 -0.002668
16 3.786440 1.588860 2.115710 -0.000289 -0.001961 -0.002618
17 3.684620 1.621970 2.220280 0.000406 -0.001800 -0.001279
18 3.590320 1.608720 2.231830 -0.000643 -0.003061 -0.001298
19 3.696450 1.645890 2.078560 -0.001139 -0.002115 -0.000932
20 3.696100 1.587790 2.169970 -0.000721 -0.002219 -0.001853
21 0.070670 -0.502013 0.349362 0.002978 -0.000799 -0.001095
22 3.874070 1.694030 2.162890 0.001055 -0.000890 -0.000703
23 3.852690 1.659130 2.107560 0.001502 -0.000091 -0.001285
24 3.637300 1.728620 2.354020 0.003157 -0.000815 -0.001095
25 3.748740 1.623510 2.148120 0.002041 -0.000507 -0.000774
26 3.881030 1.527260 2.133420 0.001045 -0.001148 -0.002349
27 3.864540 1.532320 2.124240 0.001922 -0.000556 -0.002319
28 0.190890 -0.796547 0.675165 0.004363 -0.001735 -0.003283
29 3.924270 1.310320 2.517720 0.003307 -0.001806 -0.003495
30 4.020030 1.295910 2.411800 0.003444 -0.001136 -0.004455
31 3.900360 1.295330 2.420960 0.003633 -0.001132 -0.003449
32 3.984800 1.158040 2.747870 0.004778 -0.002732 -0.004077
33 3.986980 1.146890 2.399360 0.003758 -0.001061 -0.005095
34 4.028390 0.984525 2.513020 0.003435 -0.002088 -0.005933
35 3.912390 1.276590 2.471560 0.003854 -0.001285 -0.003292
