0 0.000000 0.000000 0.000000 0.000000 -0.000000 0.000000
1 3.794060 1.809360 1.764310 -0.000107 0.001024 -0.000813
2 3.574610 1.891030 1.925360 -0.000632 -0.000387 -0.000276
3 3.773810 1.778300 1.836650 -0.001328 -0.000002 -0.000708
4 3.706310 1.754750 1.838350 -0.001573 -0.000000 -0.000785
5 3.522070 1.916740 1.910080 -0.000974 -0.000552 0.000235
6 3.614250 1.975630 1.824250 -0.000581 0.000556 0.000097
7 -0.490703 0.476811 0.449675 -0.004182 -0.004224 0.000761
8 2.687940 3.095460 2.214700 -0.003094 -0.005153 0.005353
9 3.285290 2.295430 2.338220 -0.002311 -0.006637 0.000611
10 3.334060 2.269430 1.928690 0.000782 -0.003001 0.001064
11 3.462800 2.156160 1.834870 -0.001807 -0.001258 0.000044
12 3.157580 2.409810 1.912540 -0.004944 -0.003215 0.000415
13 3.374810 2.511790 2.315530 -0.003474 -0.004357 0.001157
14 -0.516140 0.296224 0.426242 -0.005124 -0.005062 0.000290
15 3.231570 2.342360 2.315680 0.002250 -0.003060 0.001520
16 3.372830 2.007180 1.853950 -0.000577 -0.004399 -0.001610
17 3.482700 2.099820 2.127330 -0.003532 -0.004540 -0.000478
18 3.241120 2.033040 1.456590 -0.002344 -0.005271 -0.000969
19 3.297090 2.050360 2.387470 0.001727 -0.004282 -0.000245
20 3.362310 2.029760 1.993320 0.001388 -0.003435 -0.000467
21 -0.371218 0.089104 0.614653 -0.002560 -0.004528 -0.000391
22 3.213140 2.517630 2.430430 -0.002215 -0.004302 0.001537
23 2.929500 2.913510 2.346000 -0.003188 -0.004373 0.005311
24 3.272920 2.348880 2.298400 -0.002585 -0.004195 0.000420
25 3.388070 2.121050 2.115690 -0.002562 -0.003920 -0.000524
26 3.514210 2.382160 2.456500 -0.002314 -0.004052 0.000942
27 3.430860 2.543090 2.301610 -0.002186 -0.003805 0.001761
28 -0.166972 -0.258761 0.904072 -0.001205 -0.005625 -0.003057
29 3.706040 1.496040 2.154850 -0.001148 -0.003488 -0.005496
30 3.606840 1.738440 2.701030 -0.000732 -0.005597 -0.003658
31 3.607500 1.578900 2.607660 -0.001639 -0.005448 -0.004796
32 3.574990 1.861500 2.693910 -0.000922 -0.005271 -0.003088
33 3.754830 1.672770 2.573550 -0.000846 -0.004324 -0.003786
34 3.617670 2.073220 2.018380 0.002341 -0.002838 -0.000654
35 3.532240 1.723980 2.332010 0.002976 -0.003188 -0.003164
