0 -0.385065 0.108331 0.758718 0.003219 -0.002343 0.001128
1 3.315560 2.735550 3.343260 0.005215 -0.002615 -0.000957
2 3.375100 3.016060 3.416220 0.006146 -0.002207 0.001937
3 3.330810 2.924050 3.460240 0.006297 -0.002271 0.001858
4 3.339560 3.149880 3.300520 0.005108 -0.002437 0.001736
5 3.208490 2.973820 3.370930 0.005126 -0.002681 0.001816
6 3.259200 2.877390 2.949280 0.003963 -0.002600 0.001372
7 0.000000 0.000000 0.000000 0.000000 -0.000000 0.000000
8 3.518280 2.658420 2.040720 0.000253 0.000401 0.000528
9 3.524070 2.981400 2.212360 0.000552 -0.000442 0.000655
10 3.571080 2.416720 2.159880 0.000996 0.000332 0.000489
11 3.605080 2.378380 2.313460 0.001395 -0.000199 -0.001144
12 3.535260 2.483260 2.134520 0.000602 0.000230 -0.000442
13 3.762730 2.597700 2.031100 -0.000184 0.000177 -0.001771
14 0.274261 0.619868 -1.459690 -0.010000 -0.000000 -0.002431
15 4.109470 2.839490 1.227180 -0.006718 0.000311 -0.003558
16 3.810260 3.093760 1.235410 -0.007122 0.000156 -0.001103
17 3.824370 3.262500 1.179380 -0.007224 -0.000283 -0.001464
18 3.926990 2.758110 1.087350 -0.007434 0.000325 -0.004142
19 3.931090 2.700580 0.830191 -0.009121 -0.000537 -0.002789
20 0.613124 -0.167483 -1.133600 -0.002772 0.002098 -0.004534
21 3.850930 2.516720 2.272140 0.002443 0.000318 0.000214
22 3.989740 2.473210 1.909260 0.001285 0.001945 -0.001275
23 4.072090 2.291190 0.952264 -0.001661 0.001634 -0.004933
24 3.978900 1.852500 2.139090 0.002985 0.001961 -0.003695
25 3.976600 2.279390 2.261690 0.003079 0.001043 -0.001619
26 4.132820 2.025760 2.187190 0.003068 0.001974 -0.003434
27 0.764173 0.485592 -2.537520 -0.013098 0.003040 -0.006100
28 4.192810 2.835080 0.213398 -0.010290 0.002168 -0.003937
29 4.000440 3.009180 0.220303 -0.009960 0.002323 -0.004205
30 4.247830 2.697630 0.250388 -0.009604 0.002813 -0.004805
31 3.992350 3.378580 -0.159067 -0.011640 0.003419 -0.002956
32 4.102080 3.060620 -0.083251 -0.011158 0.003090 -0.003740
33 4.093880 3.287800 0.173333 -0.010127 0.002640 -0.003685
34 4.209320 3.016410 0.007254 -0.010847 0.002907 -0.004655
