0 0.000000 -0.017474 0.031884 0.000239 -0.000000 0.000000
1 3.572590 2.547090 2.143340 0.000850 0.000227 -0.000313
2 3.426520 2.392070 2.142880 0.000663 0.000137 -0.000195
3 3.585360 2.416220 2.247490 0.001063 -0.000000 -0.001016
4 3.499870 2.706820 2.165070 0.001080 0.000416 0.000626
5 3.458040 2.597280 2.360960 0.001119 -0.000697 0.000460
6 3.651350 2.421240 2.055410 0.000804 0.000330 -0.000910
7 0.346184 -0.109991 -0.694909 -0.003192 0.001892 -0.001080
8 4.123930 2.627810 1.428990 -0.002810 0.002245 -0.000793
9 4.016140 2.718110 1.369380 -0.003127 0.001937 -0.001814
10 4.069950 2.447910 1.201120 -0.004124 0.002858 -0.001916
11 4.044130 2.233780 1.344110 -0.003238 0.002152 -0.001042
12 4.013470 2.307440 1.304500 -0.003099 0.003840 -0.001307
13 3.864250 2.950280 1.328020 -0.003912 0.001750 0.000277
14 0.565822 0.569183 -2.129940 -0.013638 0.001231 -0.003868
15 3.936860 2.890970 0.452855 -0.010637 0.001726 -0.002563
16 3.968400 3.158080 0.449846 -0.011481 0.001060 -0.002630
17 4.364960 2.474700 0.411511 -0.010944 0.001765 -0.004728
18 4.213420 3.150060 0.330927 -0.011288 0.001541 -0.002777
19 4.137160 2.900690 0.381157 -0.010876 0.002080 -0.003391
20 4.199900 2.248930 0.421130 -0.011066 0.001253 -0.007775
21 0.910711 -0.354893 -1.638650 -0.005722 0.002536 -0.006471
22 4.400100 2.405830 1.002610 -0.002943 0.003188 -0.003719
23 3.984780 2.693150 0.142359 -0.006251 0.003494 -0.003739
24 4.440440 1.645240 1.172150 -0.001483 0.003988 -0.007383
25 4.496830 1.765210 0.896762 -0.003817 0.003023 -0.006794
26 4.345500 1.709580 1.290280 -0.001884 0.002820 -0.007386
27 4.260150 1.734400 1.397370 -0.000365 0.003293 -0.006946
28 0.938588 0.516516 -3.172760 -0.017131 0.003760 -0.006916
29 3.836490 3.237960 -0.426235 -0.013995 0.003253 -0.003134
30 4.480310 2.868920 -0.525891 -0.014597 0.003362 -0.005969
31 4.085890 2.798660 -0.500094 -0.014681 0.003030 -0.004908
32 4.246840 3.029900 -0.496177 -0.014413 0.003120 -0.005774
33 3.891010 3.113440 -0.575336 -0.014298 0.003952 -0.004682
34 4.543550 3.135600 -0.746279 -0.015631 0.003803 -0.006183
35 4.579530 2.675490 -0.641949 -0.015179 0.003469 -0.007404
