0 -0.951782 0.021616 0.916673 0.005487 -0.005559 0.004151
1 2.955010 2.107030 2.653660 0.004922 -0.005562 -0.000656
2 2.874790 1.863450 2.413050 0.004664 -0.005239 -0.001422
3 2.821040 1.972030 2.567050 0.004939 -0.005765 0.001259
4 3.007370 2.191180 2.540830 0.005171 -0.005072 -0.000699
5 3.070240 2.262650 2.483070 0.004876 -0.004581 0.000063
6 2.945480 2.100120 2.471510 0.004518 -0.004831 -0.001213
7 0.000044 -0.001765 0.003278 0.000026 -0.000000 0.000000
8 3.659640 1.879280 2.106630 0.001764 -0.000003 -0.001714
9 3.417440 2.283490 2.075930 0.001190 -0.000258 0.000645
10 3.365640 2.127490 2.051320 0.000615 -0.000087 -0.000493
11 2.792990 2.032930 2.051520 0.000936 -0.000000 -0.000720
12 3.503440 2.120080 1.985370 0.000728 0.000291 -0.000441
13 2.529800 2.193800 2.026130 0.000941 0.000075 -0.000310
14 0.456488 -0.367982 -0.183119 0.000869 0.001044 -0.003018
15 3.481450 2.393890 1.928490 0.001455 0.000844 -0.000900
16 3.780950 2.022930 1.942710 0.001706 0.001051 -0.003262
17 4.255450 1.914610 1.856030 0.001295 0.001246 -0.006543
18 3.960070 2.146820 1.985170 0.001896 0.000615 -0.003017
19 3.998360 2.050640 1.715280 0.001143 0.002071 -0.001393
20 4.072060 2.022480 1.885480 0.001309 0.000758 -0.004486
21 1.051220 -0.771959 -0.028490 0.000586 0.001989 -0.007199
22 3.979360 1.855910 1.963960 0.000588 0.001759 -0.004953
23 3.853200 1.824660 2.205470 0.000479 -0.000255 -0.003795
24 4.007240 2.107720 2.063430 0.000615 0.000530 -0.003855
25 4.392510 1.766110 1.981690 0.000603 0.001591 -0.006369
26 4.099230 1.885900 2.034470 0.000889 0.001547 -0.004616
27 4.578400 1.476120 2.028850 0.001157 0.001779 -0.010042
28 1.756770 -1.237540 -0.865033 0.001170 0.007258 -0.009160
29 4.017960 1.900240 1.185560 0.001231 0.006074 -0.003688
30 3.751060 2.304660 1.221030 0.001273 0.006707 -0.001557
31 4.509620 1.894440 1.223700 0.000988 0.006332 -0.004865
32 4.316940 1.914280 1.233720 0.000857 0.005950 -0.004095
33 5.018900 1.632430 1.188120 -0.000133 0.005619 -0.006700
34 3.976820 2.400040 1.161470 0.000775 0.006617 -0.001213
35 3.706060 2.285710 1.251760 0.001069 0.006320 -0.001212
