0 0.000000 -0.017162 0.032223 0.000244 -0.000000 0.000000
1 3.138210 2.046880 2.125230 0.001208 -0.000042 -0.000538
2 3.401180 2.111900 2.099060 0.001103 0.000140 -0.000286
3 3.501140 1.908460 2.087560 0.001024 0.000192 -0.001662
4 3.566670 2.176400 2.030440 0.000839 0.000105 -0.000871
5 3.636210 2.376650 2.006890 0.000218 0.000300 -0.000728
6 3.389970 2.043850 2.060720 0.000903 0.000032 -0.001499
7 0.894397 0.000378 -0.872008 -0.005592 0.005123 -0.004055
8 4.560320 2.255950 1.230250 -0.004150 0.004859 -0.004931
9 4.124650 2.835400 1.280530 -0.004498 0.003788 -0.001057
10 4.340910 0.704097 2.087950 0.008383 0.005744 -0.005727
11 4.521560 2.168110 0.960667 -0.004356 0.005975 -0.004316
12 4.308660 2.026850 1.419530 -0.003884 0.002838 -0.004899
13 4.376090 1.823570 1.657620 -0.000403 0.001826 -0.005413
14 1.287060 -0.359972 -0.924210 -0.005025 0.005590 -0.006770
15 4.201460 2.639470 1.227120 -0.003715 0.004837 -0.001973
16 4.614460 2.023950 1.147060 -0.003883 0.005477 -0.005407
17 4.679430 2.098720 1.187610 -0.003830 0.005138 -0.004427
18 4.755280 1.909470 1.231370 -0.003897 0.005057 -0.005968
19 5.204340 1.547410 1.150290 -0.004127 0.005385 -0.013219
20 4.958780 2.209950 0.703105 -0.005813 0.006038 -0.004790
21 2.030090 -0.800611 -1.151780 -0.005544 0.007902 -0.011514
22 4.265640 1.882770 2.076860 0.002755 0.002311 -0.007207
23 4.582120 2.111080 1.080990 -0.003783 0.006335 -0.006350
24 4.659890 1.366640 1.616800 -0.000041 0.003321 -0.009803
25 4.829180 1.599360 1.282550 0.000507 0.003747 -0.009292
26 5.341730 1.383520 1.321230 -0.002232 0.004892 -0.010051
27 4.895080 1.649390 1.316690 -0.001250 0.005164 -0.008876
28 2.684920 -1.180380 -1.953190 -0.005359 0.013167 -0.013082
29 4.825730 1.265260 0.891280 -0.002518 0.005850 -0.011092
30 4.285370 0.981365 1.643810 0.001008 0.000637 -0.011528
31 5.208690 1.673190 0.141672 -0.005195 0.011618 -0.008986
32 5.513140 1.642940 0.355120 -0.004804 0.010348 -0.009686
33 5.411530 1.904540 0.293118 -0.004680 0.011960 -0.007946
34 5.239750 2.129060 0.318691 -0.004466 0.011620 -0.006209
35 4.392080 1.744390 0.875405 -0.001381 0.008601 -0.007991
