0 1.196100 -1.933140 -0.358399 0.004327 -0.000618 -0.009059
1 4.152660 1.045840 1.474800 0.004905 -0.000874 -0.006352
2 3.528110 0.849514 1.367400 0.004650 -0.000740 -0.007099
3 3.293170 1.739080 1.323080 0.003493 -0.001196 -0.001424
4 3.667280 1.386560 1.430660 0.004365 -0.000929 -0.001984
5 3.740490 1.572940 1.479400 0.004262 -0.000727 -0.002334
6 3.443600 1.761580 1.321640 0.003562 -0.000940 -0.001433
7 0.000000 -0.037898 0.081958 0.000645 -0.000000 0.000000
8 3.399600 2.026350 1.930730 0.001312 -0.000464 -0.000000
9 3.312820 2.246800 2.145920 0.002684 -0.000750 0.001377
10 3.413450 2.398390 1.890580 0.001356 -0.000035 0.001349
11 3.446270 2.438580 1.820430 0.001459 0.000059 0.001578
12 3.284460 2.329080 2.016440 0.002506 0.000359 0.001157
13 3.337870 2.241410 1.909270 0.001783 0.000126 0.001194
14 -0.724587 0.977170 1.421650 0.005625 0.000244 0.005229
15 3.054850 3.234350 1.058500 0.002530 -0.000166 0.003260
16 3.237920 1.911670 1.310080 0.005626 0.000394 0.000135
17 3.349330 2.232470 1.316690 0.006075 0.000486 -0.000881
18 3.195810 2.632150 1.228120 0.005791 0.000939 0.001123
19 2.449100 3.510820 1.423060 0.005900 -0.000409 0.007948
20 -0.433386 0.483664 2.246350 0.014336 0.000815 0.004786
21 3.636910 2.483020 1.597950 0.002164 -0.000330 -0.000980
22 2.958080 3.629230 1.875250 0.002410 0.001899 0.007242
23 2.821840 4.120820 2.994270 0.007138 0.000404 0.008864
24 3.501130 1.984160 2.057610 0.014625 0.000796 -0.001048
25 3.775600 1.628290 2.089280 0.014219 0.001146 -0.005086
26 2.616550 3.763350 4.134070 0.014762 0.000479 0.009786
27 3.009730 4.009250 3.759250 0.012072 0.000108 0.009128
28 2.492980 4.187130 3.881970 0.011062 -0.001819 0.010232
29 3.982610 2.371520 1.319970 0.003458 0.007158 -0.003059
30 1.089800 3.736000 1.099910 0.003623 0.002482 0.010594
