0 0.000000 0.000000 0.000000 0.000000 -0.000000 0.000000
1 3.814420 1.976650 1.887220 0.000780 -0.000404 -0.003663
2 3.554550 2.086470 1.896070 0.000300 -0.000597 -0.001794
3 3.266650 2.322490 1.827030 0.000551 0.000135 0.000589
4 3.164750 2.469490 1.877670 0.000807 0.000021 0.001569
5 2.850540 2.857870 1.947800 0.001000 -0.000020 0.003080
6 3.348080 2.736640 1.742080 -0.000369 0.000173 0.002134
7 -1.129560 1.921860 0.326983 -0.004861 0.000538 0.008706
8 2.856070 3.693350 0.320733 -0.003993 0.000767 0.003368
9 3.112070 3.221050 0.595422 -0.002868 -0.000351 0.000030
10 2.816160 3.841800 0.372398 -0.003224 0.001100 0.005769
11 2.980360 3.665070 0.768861 -0.001467 -0.000238 0.002801
12 2.992780 3.118020 0.402493 -0.003658 0.000254 0.000730
13 2.598370 3.478890 2.493730 0.006317 -0.000733 0.006433
14 -1.964450 2.868820 1.874590 0.001831 0.000405 0.014543
15 2.425720 2.553450 1.935970 0.002282 0.000439 0.003934
16 2.273470 2.419910 1.788240 0.001613 0.000561 0.007175
17 2.265030 2.175620 2.225350 0.003135 -0.001142 0.007810
18 2.286340 2.681710 1.710100 0.000748 0.000944 0.008098
19 2.246770 4.231550 2.147420 0.003950 -0.000330 0.005992
20 2.088970 2.790880 2.110170 0.003729 -0.000089 0.013591
21 -1.612670 2.373450 2.573670 0.009680 0.001224 0.013714
22 2.459390 5.328530 1.106610 -0.007802 0.002561 0.009174
23 2.540620 5.420930 1.334990 -0.007845 0.000998 0.008694
24 2.577350 5.251670 1.374740 -0.008307 0.000789 0.007562
25 2.414950 2.408250 2.532650 0.010803 0.002126 0.012710
26 2.434360 3.933590 2.638570 0.010491 0.001126 0.009300
27 2.514280 2.024610 2.772760 0.012093 0.001703 0.009821
28 -2.115130 1.502590 6.691180 0.041527 0.000992 0.016212
29 2.457620 3.040810 2.595400 0.006973 0.004257 0.007027
30 2.242960 3.479490 1.569330 -0.000585 0.002834 0.007428
31 2.402170 3.612510 0.381667 -0.011191 0.003586 0.004932
32 2.502860 3.790090 0.504431 -0.011522 0.002166 0.005102
33 2.502200 3.620690 -0.534423 -0.013806 0.007369 0.005143
34 2.503900 3.945080 0.070253 -0.012028 0.004824 0.004999
35 2.441540 3.788040 0.081631 -0.008297 0.005286 0.007558
