0 -0.068515 0.374318 -0.132731 -0.002107 -0.000000 0.000000
1 3.442900 2.007090 1.868280 -0.001154 0.000883 -0.002968
2 3.240710 1.970390 1.971350 -0.001137 -0.000026 -0.002992
3 3.511740 1.797640 2.038810 -0.001039 -0.000219 -0.003365
4 3.540630 1.827940 2.145100 -0.000113 -0.000534 -0.002768
5 3.703310 1.960570 2.048290 -0.000790 -0.000543 -0.003351
6 3.508020 1.929750 1.926450 -0.001583 -0.000024 -0.002731
7 0.000299 -0.002826 -0.004698 0.000000 -0.000000 0.000000
8 3.538960 1.796570 1.791310 -0.000442 0.000021 -0.002004
9 3.311510 1.838200 1.636490 -0.000934 0.000377 -0.000706
10 3.395060 1.778940 1.617740 -0.000644 0.000136 -0.001482
11 3.300470 1.846140 1.750800 -0.000447 0.000512 -0.000758
12 3.456050 1.748520 1.729030 -0.000374 0.000059 -0.001367
13 3.526560 1.784770 1.783990 -0.000614 0.000067 -0.001501
14 -0.091536 0.298444 -0.073482 -0.002068 -0.000510 -0.000000
15 3.658640 1.917140 2.222670 0.001083 -0.000435 -0.002502
16 3.681650 2.068940 2.051740 -0.000829 -0.000307 -0.002637
17 3.698720 2.064710 1.952710 -0.001519 -0.000051 -0.004268
18 3.361340 2.460830 2.128900 -0.000383 -0.000569 0.003349
19 3.775750 1.941540 2.007410 -0.000885 0.000039 -0.003358
20 3.511480 2.028370 2.834670 0.004793 -0.001645 -0.000592
21 -0.038886 0.232340 0.087127 -0.001041 -0.000160 0.000000
22 3.722840 1.887960 2.027010 -0.000149 0.000183 -0.002799
23 3.616190 2.062090 2.158280 -0.000389 -0.000479 -0.002739
24 2.665360 2.878760 2.006770 -0.000429 0.000003 0.003610
25 3.504370 1.846560 2.083220 -0.000079 0.000402 -0.004096
26 3.330810 2.203220 2.293570 0.000768 -0.000800 -0.000187
27 2.727360 2.777270 2.270210 0.000854 -0.000180 0.003724
28 -0.045716 0.132428 0.151687 -0.000401 -0.000669 -0.000000
29 3.564180 1.906810 2.038970 -0.000229 -0.000111 -0.002339
30 3.577760 1.791430 2.180170 0.000514 -0.000045 -0.003859
31 3.703990 1.763510 2.132410 0.000554 -0.000065 -0.003511
32 3.188140 2.230350 2.220210 0.000576 -0.000521 0.000169
33 3.691100 2.018960 2.228770 0.001053 -0.000156 -0.001981
34 3.545080 1.865910 2.171240 0.000285 -0.000384 -0.003377
35 3.656190 1.826620 2.143360 0.000165 -0.000392 -0.004217
