0 -0.029419 -0.005269 0.060748 -0.000002 -0.000483 -0.000089
1 3.410170 1.769390 2.002380 0.000418 -0.000478 -0.001681
2 3.446180 1.639810 1.718700 0.000275 -0.000483 -0.001859
3 3.229070 1.801590 1.926320 -0.000147 -0.001192 -0.001241
4 3.333060 1.573920 1.972880 0.000138 -0.001259 -0.003145
5 3.539300 1.535640 1.888400 -0.000830 -0.000911 -0.003291
6 3.459740 1.517310 1.853910 -0.000378 -0.000248 -0.002704
7 0.099508 -0.399333 0.080740 0.002357 0.000465 0.000008
8 3.504290 1.962730 1.907090 0.001568 0.000321 -0.000113
9 3.761500 1.722790 1.847120 0.001561 0.000819 -0.001560
10 3.608380 2.054500 1.709600 0.000985 0.001141 0.001310
11 3.443810 2.390540 1.924940 0.001684 0.000245 0.003926
12 2.925420 2.337320 1.884790 0.001795 0.000477 0.003802
13 3.687670 1.829850 1.977330 0.001969 -0.000536 -0.001117
14 -0.066216 -0.166931 0.318415 0.001446 -0.000891 0.000353
15 3.616440 1.643130 2.306270 0.002467 -0.000692 -0.001269
16 3.346140 2.028080 2.369490 0.001942 -0.001700 0.001008
17 3.643310 1.547160 2.368400 0.001983 -0.001663 -0.003147
18 3.395110 1.788770 2.304530 0.002140 -0.000912 -0.000128
19 3.754250 1.636290 2.036150 0.001789 0.001003 -0.002464
20 3.613770 1.624960 2.518680 0.002999 -0.001693 -0.000578
21 0.040589 -0.204263 0.271186 0.001376 -0.000040 -0.000008
22 3.637280 1.621340 2.064560 0.001578 0.000628 -0.003410
23 3.504590 1.835290 2.140150 0.000978 0.000076 -0.000563
24 3.478130 1.579550 2.086910 0.001382 -0.000105 -0.003299
25 3.782850 1.371420 2.021730 0.001094 0.000618 -0.005162
26 2.936810 2.636830 2.217690 0.002807 -0.000847 0.004796
27 3.834910 1.558090 2.068010 0.001542 0.000529 -0.003797
28 0.012792 -0.266285 0.258911 0.001931 -0.000148 0.000204
29 3.712460 1.439720 1.939520 0.001685 0.000302 -0.004360
30 3.513940 1.954750 2.112310 0.001930 0.000426 0.000009
31 3.646030 1.446570 2.011650 0.001509 -0.000100 -0.003344
32 3.657430 1.622110 1.909480 0.001225 0.000491 -0.002644
33 3.470640 1.943610 2.210440 0.001906 -0.000655 0.000415
34 3.276760 1.783150 2.195580 0.001796 -0.000568 -0.000338
35 2.717530 2.566890 1.960810 0.001509 0.000698 0.004219
