0 0.443946 -1.233130 0.557835 0.012235 0.004757 -0.001784
1 3.860960 1.200800 2.237210 0.009031 0.003969 -0.001480
2 3.797910 1.041870 2.192970 0.008786 0.004315 -0.002646
3 3.907280 1.219790 2.268070 0.010109 0.004265 -0.001246
4 2.963020 1.411780 2.405500 0.009715 0.002891 0.000114
5 3.768550 1.169120 2.234240 0.008295 0.003153 -0.002178
6 3.751450 1.442270 1.991210 0.006347 0.003277 -0.000229
7 0.000000 0.000000 0.000000 0.000000 -0.000000 0.000000
8 3.412610 1.922870 1.790770 -0.000418 0.000253 -0.000650
9 3.414230 1.934720 1.880800 -0.000051 -0.000387 -0.000175
10 3.400740 1.982640 1.829770 -0.001239 -0.001133 0.000683
11 3.494500 1.932530 1.633540 0.000460 0.000552 -0.000267
12 3.354730 1.995560 1.633420 -0.000556 0.000902 -0.000000
13 3.299380 1.951910 1.746670 -0.001161 -0.000324 -0.000138
14 -0.725042 1.625440 -1.572570 -0.009797 0.000000 0.009251
15 2.866440 3.416660 0.369051 -0.009998 0.000316 0.005991
16 3.031930 3.308480 0.416843 -0.010909 -0.000806 0.004287
17 3.158230 3.344540 0.293551 -0.010952 -0.000134 0.005544
18 3.221500 3.376260 0.398546 -0.010910 -0.000576 0.004977
19 3.206550 3.042970 -0.000478 -0.012000 0.000495 0.002077
20 3.004930 2.956640 0.281540 -0.011185 -0.000012 0.001120
21 0.346286 1.453890 -3.637510 -0.022097 0.003819 0.001550
22 3.890460 3.236930 -1.507790 -0.021553 0.003643 -0.002227
23 3.837990 3.298410 -1.301470 -0.020637 0.002971 -0.001027
24 4.002880 3.316630 -1.465560 -0.021862 0.003247 -0.001826
25 3.997530 3.114860 -1.442680 -0.022160 0.002270 -0.002484
26 3.990390 3.001270 -1.478290 -0.021628 0.003346 -0.003596
27 3.948760 3.327620 -1.517900 -0.021936 0.003241 -0.000504
28 3.738020 3.998280 -1.597730 -0.023221 0.002795 0.003671
29 4.235330 3.244780 -1.709130 -0.023401 0.003257 -0.001317
30 3.787170 3.866480 -1.622270 -0.022941 0.003298 0.003427
31 3.777390 4.191610 -1.448410 -0.022547 0.002504 0.005579
32 3.854740 3.623130 -1.638500 -0.023242 0.003145 0.001274
33 3.877570 3.567270 -1.587780 -0.023142 0.003025 0.000961
