0 0.000000 -0.014625 0.025273 0.000209 -0.000000 0.000000
1 3.442980 1.915420 1.794290 -0.000062 0.000574 -0.000106
2 3.338780 1.961220 2.032960 0.000125 -0.000758 -0.000610
3 3.314910 1.954800 2.066890 0.001301 0.000045 -0.000188
4 3.525030 2.032700 1.943230 -0.000601 -0.000707 0.000263
5 3.275530 1.898880 1.997060 0.000546 -0.000664 -0.000777
6 3.332420 1.673310 1.820100 -0.000902 -0.000391 -0.002184
7 -0.513035 1.287450 -0.506484 -0.012150 -0.004909 0.002291
8 3.259990 2.344130 1.448130 -0.001001 -0.001871 -0.002086
9 3.064090 1.557260 1.802840 -0.000966 -0.004982 -0.000212
10 2.795550 2.694350 1.881190 -0.008755 -0.012185 -0.000764
11 3.026750 2.556450 1.693730 -0.002714 -0.004921 0.000399
12 2.981950 2.503180 1.557660 -0.003443 -0.005771 -0.000490
13 2.796780 3.469350 -0.175325 -0.008532 0.003617 0.004349
14 -1.134900 2.844950 -2.102850 -0.022674 -0.005156 0.010831
15 2.227930 4.015580 0.249668 -0.010891 -0.002963 0.006373
16 2.567760 3.868970 0.077485 -0.011214 -0.001683 0.005599
17 1.941770 4.350340 -0.087928 -0.012028 -0.001150 0.008049
18 -0.502237 3.822920 0.537315 -0.009925 -0.003998 0.009233
19 2.406360 4.242690 -0.431797 -0.018466 -0.001211 0.006301
20 2.276200 4.187390 -0.486655 -0.014082 -0.000750 0.005517
21 -0.140569 2.688500 -4.058540 -0.033908 -0.001186 0.003692
22 3.084660 3.878430 -1.569280 -0.022071 -0.000437 0.000900
23 3.340660 2.705940 -1.139790 -0.019777 -0.001293 -0.000646
24 3.530970 3.256090 -1.540280 -0.021824 -0.000270 -0.001591
25 3.555680 2.336900 -1.746830 -0.020863 0.001789 -0.002537
26 3.392230 3.958970 -1.327370 -0.020764 -0.000684 0.001253
27 3.379910 2.830260 -1.242110 -0.019847 -0.000594 -0.000314
28 -0.064594 3.226400 -5.687720 -0.044594 -0.000323 0.004233
29 3.604990 3.490870 -2.635030 -0.030000 -0.001362 -0.001351
30 3.128120 3.455710 -1.497100 -0.025169 -0.001746 0.002222
31 3.835430 2.238520 -0.483595 -0.018581 -0.000350 -0.003673
32 3.405130 3.266280 -0.261498 -0.020137 -0.005194 0.002412
33 3.640990 3.953440 -2.728060 -0.030423 -0.000614 0.001302
34 3.511650 2.759660 -1.257850 -0.021876 0.000286 0.001062
35 2.426650 4.830970 -1.452700 -0.034752 -0.012900 0.004315
