0 -0.306497 -0.476025 0.834064 0.010458 0.000000 0.001249
1 3.530060 1.782210 2.611000 0.009109 0.000319 -0.000448
2 3.474610 2.035490 2.421870 0.008086 0.000884 0.000760
3 3.412590 2.353080 1.740340 0.003407 0.001779 0.000803
4 3.394500 2.527910 1.856960 0.003208 0.000858 0.002923
5 3.311390 2.420220 1.931390 0.003824 0.000988 0.001204
6 3.563880 2.211050 1.866220 0.003195 0.000793 0.000757
7 0.000000 0.008404 -0.014860 -0.000120 -0.000000 0.000000
8 3.584630 2.254810 1.635760 -0.001375 0.000791 0.001199
9 3.599380 1.986330 1.764020 -0.001194 -0.000492 -0.000571
10 3.691280 2.128850 1.739930 0.000081 0.000674 0.000331
11 3.742160 2.062680 1.679520 0.000168 0.001046 -0.000202
12 3.631420 2.066820 1.635650 0.000349 0.000940 -0.000294
13 3.647750 1.984960 1.681790 -0.000743 0.000955 -0.001965
14 3.575830 1.984810 1.486880 -0.001890 0.001402 -0.001289
15 3.689380 2.143310 1.583690 -0.001753 0.000986 -0.000050
16 3.748960 2.094720 1.655930 -0.000809 0.001185 -0.000877
17 1.640530 -2.299640 -0.871512 -0.000000 0.006849 -0.019355
18 3.486730 0.492438 0.972156 -0.000932 0.005423 -0.016760
19 3.589560 0.573036 0.688954 -0.001592 0.007336 -0.017391
20 3.517630 0.571771 0.970018 -0.001083 0.006397 -0.017049
21 3.795830 0.546142 0.833550 -0.000953 0.006824 -0.016928
22 3.757340 0.461207 0.952629 -0.000248 0.006680 -0.017148
23 3.639760 0.392948 0.950604 -0.000510 0.006380 -0.018280
24 1.499100 -2.529200 -0.940428 -0.001966 0.003797 -0.020729
25 3.397610 0.465586 1.043250 -0.002206 0.003039 -0.017942
26 3.509710 0.655274 0.871913 -0.003789 0.002914 -0.016954
27 3.380000 -0.135690 1.838840 0.008372 0.003474 -0.017282
28 3.433940 -0.035828 1.880340 0.007738 0.002751 -0.018318
29 3.457580 0.316927 0.836560 -0.001680 0.004236 -0.018282
30 3.498170 0.122164 1.495160 0.004578 0.003414 -0.018156
