0 0.000000 0.000000 0.000000 0.000000 -0.000000 0.000000
1 3.676910 2.134360 1.739730 -0.000820 0.000190 0.000137
2 3.801500 2.264030 1.714360 -0.000442 0.000951 0.000310
3 3.685470 2.092690 1.558110 -0.002108 0.000956 -0.000713
4 3.697530 2.276130 1.602050 -0.001979 0.000686 0.000894
5 3.695000 2.540310 1.669250 -0.002139 -0.000008 0.002084
6 3.542840 2.218700 1.660600 -0.002044 0.000308 0.000226
7 0.377796 0.382585 -0.747304 -0.009456 0.000516 -0.001397
8 4.188100 2.585220 0.527948 -0.005980 0.000134 -0.001318
9 4.211520 2.342600 1.958550 -0.000422 -0.001947 -0.000087
10 4.147350 2.279750 1.057600 -0.002666 0.001286 -0.001332
11 3.065410 1.762290 1.980240 -0.000432 -0.002402 -0.004777
12 3.878130 2.207780 1.557510 -0.000982 0.001282 -0.001337
13 2.995100 2.248260 1.521410 -0.003111 -0.001268 -0.002534
14 0.446324 -2.643650 2.267240 0.015950 -0.002034 -0.013541
15 2.860350 4.278700 -4.426870 -0.045390 -0.000275 -0.012034
16 5.265470 2.981270 -6.091390 -0.032424 0.027115 -0.007851
17 5.401640 3.244850 -5.544550 -0.028524 0.027065 -0.006192
18 2.815090 4.132580 -3.254430 -0.040869 -0.000475 -0.012143
19 2.773180 1.889820 -1.947100 -0.030272 0.000280 -0.012065
20 2.712890 3.875640 -4.322330 -0.045123 -0.001516 -0.013424
21 1.856020 -1.847770 -1.563050 -0.010310 0.005962 -0.020500
22 3.845590 0.777026 0.459926 -0.004304 0.004952 -0.017498
23 3.952070 0.370789 0.407208 -0.004307 0.005800 -0.019264
24 3.860520 0.162623 0.930064 -0.001125 0.005552 -0.018973
25 3.808970 0.239310 0.665528 -0.002289 0.005654 -0.018950
26 3.820360 0.467006 0.293177 -0.004495 0.005427 -0.017806
27 3.853270 0.314549 0.500466 -0.002802 0.006623 -0.019141
28 1.789020 -2.112350 -1.634020 -0.012337 0.003144 -0.022316
29 3.736540 0.197641 1.066170 -0.002903 0.001988 -0.019959
30 3.574650 0.541321 0.052568 -0.007520 0.001653 -0.019835
31 3.791690 0.136278 1.335500 -0.000632 0.001845 -0.019842
32 3.838180 -0.621543 0.787760 -0.000070 0.003971 -0.020050
33 4.027320 0.016153 0.943614 -0.001131 0.003813 -0.019849
34 3.758700 -0.225701 0.904593 -0.001858 0.003057 -0.019581
35 3.793760 -0.109329 1.086260 -0.000615 0.002720 -0.020300
