0 3.721470 2.577620 2.010250 0.000620 -0.000201 0.002272
1 3.821990 2.300450 1.957340 -0.000280 -0.000371 0.000643
2 3.766630 2.380640 1.871640 -0.000525 0.000235 0.000096
3 3.674520 2.378580 1.880040 -0.000542 -0.000105 -0.000003
4 3.803230 2.273720 1.977280 -0.000193 -0.000278 -0.000008
5 3.867060 2.173790 1.976870 0.000527 0.000000 0.000155
6 3.787420 2.135900 2.053710 0.000884 -0.000240 -0.000248
7 3.828530 2.085780 1.963340 0.000463 0.000111 -0.000060
8 3.917650 2.119950 1.919120 0.000291 -0.000088 -0.000000
9 0.000000 0.000000 0.000000 0.000000 -0.000000 0.000000
10 3.767220 2.145830 1.974200 -0.000018 -0.000592 -0.000000
11 3.881180 2.075720 2.033590 0.001133 -0.000144 -0.000018
12 3.928780 2.145970 1.832170 0.000174 0.000660 -0.000893
13 3.954560 2.045200 2.057560 0.000703 -0.000215 0.000000
14 3.756070 2.193000 2.023220 0.000085 -0.000815 -0.000000
15 -0.017413 -0.204187 1.174560 0.010390 0.000829 0.001089
16 4.032060 1.886910 3.028510 0.009329 0.000561 -0.001405
17 3.880950 1.982400 3.042240 0.009252 0.000402 -0.001592
18 3.909190 1.992990 3.052830 0.009648 0.000685 0.000094
19 3.696740 1.951890 2.940490 0.009562 0.001332 -0.000662
20 0.064249 -0.070850 1.019020 0.010636 0.002765 0.002633
21 3.834240 1.650000 2.719860 0.009111 0.002912 -0.004402
22 4.180480 1.519880 2.625560 0.008708 0.003855 -0.004860
23 3.922780 2.141310 2.737130 0.009496 0.003336 0.001137
24 4.004360 2.087240 2.792560 0.009367 0.002780 0.000249
25 4.004430 2.020730 2.812950 0.009394 0.002680 -0.000533
26 4.100080 2.096340 2.759510 0.009102 0.002799 0.000010
