0 0.000000 0.000000 0.000000 0.000000 -0.000000 0.000000
1 3.872880 2.011900 2.017250 0.000412 -0.000378 -0.000670
2 3.816320 2.145340 2.015170 0.000453 -0.000121 -0.000225
3 4.067210 2.106820 1.807110 -0.000809 0.000128 -0.000552
4 3.962920 2.078720 1.892820 -0.000325 -0.000306 -0.001132
5 3.899590 2.050290 1.927580 -0.000341 -0.000782 -0.001030
6 3.939700 2.112880 1.883930 -0.000325 -0.000023 -0.001016
7 1.302000 -1.156700 -1.839620 -0.014472 -0.000305 -0.014949
8 4.291640 1.654300 0.033763 -0.015486 -0.000544 -0.012012
9 4.166880 1.457250 0.083095 -0.015175 -0.000537 -0.012274
10 3.933050 1.705510 0.182479 -0.014028 -0.001017 -0.009800
11 3.886750 1.816500 0.018882 -0.014989 -0.000229 -0.009905
12 4.202660 0.920322 0.543152 -0.009243 -0.006494 -0.014631
13 4.124210 1.253900 0.401568 -0.007522 -0.002708 -0.011454
14 1.853700 -2.228490 -1.289790 -0.008558 0.000110 -0.018879
15 5.152290 0.894269 0.731421 -0.009280 -0.000602 -0.015512
16 4.633410 0.990415 0.603962 -0.009631 -0.000049 -0.013974
17 4.723960 0.808492 0.667538 -0.008931 -0.000036 -0.015537
18 4.513770 1.176370 0.829099 -0.008230 -0.000205 -0.013431
19 4.220350 1.457840 0.708341 -0.008764 -0.000044 -0.010121
20 4.347700 0.801395 0.798760 -0.008546 -0.000519 -0.014335
21 1.933700 -2.928600 0.657372 0.007186 0.000972 -0.018665
22 5.088330 0.169091 2.491550 0.006113 0.001052 -0.015098
23 4.995830 0.077992 2.592290 0.005422 -0.000015 -0.015330
24 5.053300 0.136465 2.589340 0.005414 0.000182 -0.015598
25 3.575270 0.282193 2.583090 0.006482 0.000837 -0.012759
26 4.559880 0.346923 2.524910 0.005774 0.000502 -0.013359
27 4.822220 0.266290 2.382850 0.005495 0.001309 -0.014344
28 1.931390 -2.643910 0.372506 0.007612 0.004016 -0.015717
29 5.573160 0.341493 2.229450 0.006000 0.003584 -0.013416
30 5.606810 0.505208 2.253040 0.005978 0.003365 -0.011605
31 5.181490 0.352493 2.252160 0.005931 0.003231 -0.011966
32 5.484410 0.198237 2.234830 0.005576 0.003130 -0.013480
33 5.062280 0.533343 2.234700 0.005853 0.003241 -0.011311
34 5.494260 0.346277 2.184250 0.005710 0.003458 -0.012296
35 4.930530 0.636214 2.093470 0.004683 0.003212 -0.010908
