0 -0.330902 -0.387330 1.367760 0.006450 -0.004578 -0.000000
1 3.420230 1.407100 3.008770 0.005095 -0.003860 -0.003122
2 3.325750 1.724900 2.918760 0.004715 -0.003711 -0.000417
3 2.959670 2.264270 3.170650 0.006558 -0.004997 0.003495
4 3.384700 1.504960 2.738900 0.004564 -0.003103 -0.001868
5 3.313240 1.730210 2.860050 0.003843 -0.004947 -0.000000
6 3.284770 1.622130 2.370150 0.003092 -0.002046 -0.001444
7 0.000000 -0.015609 0.024751 0.000215 -0.000000 0.000000
8 3.476380 1.660090 1.849180 -0.000154 -0.000049 -0.001860
9 3.417380 1.848740 1.895010 -0.000018 -0.000283 -0.000133
10 3.454160 1.924150 1.758980 -0.000719 0.000630 -0.000152
11 3.453020 1.770740 1.861150 -0.000535 -0.000000 -0.001269
12 -0.255024 1.255870 -1.663180 -0.014416 0.000808 0.002532
13 3.375200 3.208400 0.143359 -0.013424 0.001163 0.002730
14 3.333340 2.925410 -0.319163 -0.017270 0.001225 -0.000158
15 3.625380 3.146470 0.068430 -0.015448 0.001813 0.000528
16 3.389340 2.726790 0.114544 -0.013628 -0.000352 -0.001521
17 3.515400 3.046290 -0.101401 -0.014877 0.001359 -0.000281
18 3.921140 3.065000 -1.052150 -0.012894 0.007181 0.001372
19 0.018188 1.988060 -2.790170 -0.021293 0.003742 0.003198
20 3.657480 3.768830 -1.211050 -0.015276 0.004213 0.002020
21 3.994010 2.704080 -0.649570 -0.011202 0.005685 -0.002052
22 3.744230 3.602410 -0.986166 -0.021315 0.003940 -0.000203
23 3.536500 3.848110 -0.630409 -0.012544 0.003891 0.002618
24 3.675670 3.387310 -1.103460 -0.015433 0.003460 -0.000708
25 3.575920 3.469550 -0.149499 -0.010413 0.003774 0.001632
26 0.162877 2.389500 -3.726970 -0.029297 0.005472 0.002959
27 3.827750 3.320230 -1.379260 -0.018110 0.005709 0.000193
28 3.999900 3.407370 -2.062640 -0.019509 0.008936 -0.001689
29 4.215190 3.162520 -1.673730 -0.018881 0.008119 -0.002550
30 4.083840 3.495120 -1.889770 -0.019434 0.007742 -0.001129
31 4.143730 3.226160 -2.241000 -0.020284 0.009065 -0.002591
32 4.113370 3.197100 -1.771510 -0.018516 0.008419 -0.001198
