0 0.000000 -0.029211 0.046347 0.000403 -0.000000 0.000000
1 3.401510 1.660010 2.152520 0.000499 -0.001223 -0.001537
2 3.317860 1.777520 1.892290 -0.000272 0.000228 -0.000708
3 3.319360 1.816080 2.211830 0.002697 -0.000462 0.000000
4 3.493560 1.808210 1.799360 0.002229 0.001693 -0.000398
5 3.506280 1.699130 1.869540 0.000423 0.000117 -0.001871
6 3.462740 1.761320 1.807800 -0.000507 -0.000122 -0.000736
7 0.344870 0.305596 -1.272130 -0.005437 0.004727 0.000000
8 3.617120 2.899070 0.755001 -0.005614 0.004019 0.003473
9 3.544120 2.446070 0.725382 -0.006301 0.003785 0.000756
10 3.975360 1.857380 0.760271 -0.006250 0.003958 -0.004275
11 3.644630 2.826200 0.606471 -0.007308 0.004328 0.001868
12 3.707900 2.845170 0.769008 -0.005523 0.004696 0.002354
13 3.522940 3.421880 0.631075 -0.007410 0.003773 0.005457
14 0.046147 1.494770 -2.771900 -0.019242 0.004740 0.002247
15 3.167920 2.817700 -0.325608 -0.012438 -0.000379 -0.000615
16 3.328540 3.221930 -0.298903 -0.015551 -0.001442 0.001375
17 3.503150 3.063320 -0.017732 -0.010385 0.001829 -0.000125
18 3.424510 3.096670 -0.421743 -0.010036 0.001971 0.001085
19 3.607860 2.930080 -0.151646 -0.010382 0.001983 -0.000354
20 3.619490 2.331160 -0.051665 -0.008832 0.003528 -0.001019
21 0.286400 2.284600 -3.915660 -0.026207 0.007716 0.003131
22 3.536830 3.657510 -1.244970 -0.016861 0.005354 0.001922
23 3.104430 4.104980 -0.847262 -0.015464 0.001601 0.003985
24 3.653600 3.794150 -1.263290 -0.016628 0.005722 0.003198
25 3.885960 3.106250 -1.163120 -0.016419 0.006080 -0.001622
26 3.970080 3.260470 -1.058800 -0.013941 0.007626 0.001804
27 3.517180 3.779000 -0.867837 -0.016129 0.004636 0.003076
28 0.500879 2.616270 -4.898750 -0.034113 0.009718 0.002524
29 3.730820 3.809830 -2.123870 -0.022863 0.007975 -0.001009
30 4.334890 3.218170 -2.201370 -0.021864 0.008993 -0.003343
31 3.959970 3.552930 -2.648580 -0.024144 0.010704 -0.000986
32 4.327480 2.905340 -1.993260 -0.020137 0.008971 -0.002788
33 4.254640 3.640100 -2.427320 -0.022216 0.010453 -0.001167
34 4.173020 3.684400 -2.747680 -0.023842 0.011131 -0.000474
35 4.438890 3.429220 -2.349320 -0.022055 0.010387 -0.001635
