0 -0.416749 0.429316 0.220896 -0.002191 -0.002235 0.001086
1 3.348760 2.448750 2.214680 -0.002301 -0.002434 -0.002272
2 3.217030 2.191980 1.964220 -0.002155 -0.002388 -0.003474
3 3.474680 2.134230 1.748430 -0.002352 0.000157 -0.003422
4 3.515660 2.308320 1.751780 -0.002281 -0.000605 -0.001764
5 3.458920 2.206740 1.971790 -0.001737 -0.001740 -0.002596
6 3.271640 2.288850 1.813690 -0.002755 -0.002643 -0.001568
7 -0.025894 0.000000 0.044432 0.000000 -0.000345 0.000000
8 2.696310 1.793100 2.097930 0.000291 -0.001230 -0.002207
9 3.398250 1.790780 2.116880 0.000392 -0.000608 -0.002079
10 3.392560 1.810080 2.030030 -0.000519 -0.001304 -0.002036
11 3.357730 1.625490 2.092140 0.000493 -0.000617 -0.003056
12 3.127210 1.747250 2.159650 0.001559 -0.000616 -0.001700
13 3.255840 1.793320 2.102230 0.000724 -0.000958 -0.002127
14 0.315147 -0.195936 -0.466944 0.001759 0.003457 0.000577
15 3.815180 1.782880 1.601860 0.002038 0.003347 -0.002792
16 4.160250 1.583490 1.386600 -0.000100 0.003199 -0.005961
17 4.350730 1.610620 1.423240 -0.000130 0.003171 -0.005965
18 4.126120 1.932640 1.335460 -0.000829 0.002990 -0.002005
19 4.160020 1.825570 1.130840 -0.002846 0.003432 -0.005116
20 4.162730 1.929950 1.514390 -0.000102 0.003215 -0.001365
21 0.619879 -0.087969 -0.206116 -0.000539 0.002777 -0.002309
22 2.857010 2.952970 1.824880 -0.000942 0.001757 0.001457
23 2.942540 3.227870 1.751430 -0.001046 0.001790 0.002690
24 3.035970 3.084660 1.506320 -0.002212 0.003245 0.002284
25 3.209710 2.566070 1.894820 -0.000345 0.001976 0.000257
26 4.073900 1.970460 1.753440 -0.001739 0.001895 -0.005176
27 0.715783 -0.304342 -0.230464 -0.000154 0.002830 -0.003076
28 2.647260 3.152780 1.757780 -0.000197 0.001745 0.003591
29 3.071830 2.992070 1.855370 0.000065 0.002585 0.001928
30 3.943600 2.462410 1.793020 -0.000716 0.001576 -0.000625
31 4.543730 1.679270 1.898680 0.000210 0.001929 -0.006375
32 3.276960 2.781650 1.759850 -0.000650 0.002323 0.001176
33 3.288620 2.895140 1.638890 -0.001217 0.002313 0.002471
34 3.039620 2.926140 1.872540 -0.000492 0.001256 0.001989
