0 0.000000 -0.007650 0.012685 0.000102 -0.000000 0.000000
1 3.487570 1.706350 1.991990 -0.000398 -0.000666 -0.002644
2 3.569240 1.774350 2.080510 0.001173 0.000165 -0.002559
3 2.577440 1.871690 1.949570 0.000523 0.000437 -0.000859
4 2.933840 1.745970 2.068700 0.001634 0.000000 -0.001647
5 3.534020 1.735890 1.947220 -0.000388 -0.000112 -0.002702
6 2.649100 1.954170 1.790010 0.000251 0.000715 -0.000051
7 0.430609 -0.457926 -0.212017 0.002103 0.002069 -0.001256
8 3.782250 1.931620 1.756970 0.000833 0.001880 0.000021
9 2.982940 2.501380 1.801670 0.000809 0.001680 0.003068
10 2.933870 2.538780 1.777440 0.000703 0.001560 0.004772
11 4.113620 1.386790 1.787100 0.002133 0.002467 -0.004155
12 2.810330 2.278810 1.751890 0.001090 0.001963 0.003057
13 2.879300 2.275290 1.736410 0.001198 0.001808 0.002557
14 0.684379 -0.580344 -0.620731 0.003987 0.005460 -0.000392
15 3.159160 1.783830 1.508760 0.002856 0.004758 0.000141
16 4.349420 1.397160 1.289020 0.001532 0.005307 -0.003259
17 4.600160 1.427260 1.154920 0.001937 0.006865 -0.004519
18 2.937070 2.595790 1.648810 0.003012 0.003741 0.004905
19 4.249360 1.539690 1.373410 0.001184 0.004815 -0.002064
20 4.385270 1.242670 1.574380 0.002447 0.004502 -0.004080
21 1.051190 -0.469555 -0.534095 0.001557 0.005689 -0.003275
22 2.999360 2.855540 1.524390 0.001220 0.004651 0.003317
23 3.545770 2.385870 1.436960 0.000396 0.004907 0.000775
24 3.507780 2.713540 1.266670 -0.000054 0.005660 0.002042
25 4.648070 1.550660 1.505950 0.001106 0.004918 -0.006586
26 3.124680 2.866910 1.313560 0.000754 0.006093 0.003194
27 3.455300 2.312740 1.529570 0.001687 0.005617 0.000292
28 1.135740 -0.705800 -0.500271 0.002557 0.006077 -0.003720
29 3.492320 2.425480 1.439220 0.001097 0.005158 0.001632
30 3.348190 2.713310 1.548510 0.001995 0.004685 0.003066
31 3.601710 2.241990 1.548680 0.002164 0.005176 0.001035
32 3.521670 2.386370 1.594520 0.002805 0.005002 0.002099
33 3.490990 2.384730 1.324020 0.000763 0.005584 0.001234
34 3.471890 2.261890 1.452800 0.001365 0.005445 0.001090
35 3.993830 2.094050 1.605530 0.002951 0.005445 -0.000052
