0 -0.137299 -0.064934 0.215033 0.000135 -0.002196 -0.001493
1 3.300190 2.356440 2.109570 -0.000313 -0.002782 0.002035
2 3.560580 1.953310 2.021300 -0.000766 -0.002568 -0.001442
3 3.246560 1.751690 1.785320 -0.000792 -0.000878 -0.001394
4 3.179220 2.138200 1.918140 -0.001153 -0.001840 0.000379
5 3.536920 2.072220 1.891840 -0.001077 -0.001895 -0.001551
6 3.291460 2.211080 1.830110 -0.001336 -0.002303 0.000570
7 0.011680 0.000000 -0.021020 0.000000 0.000165 0.000000
8 3.591030 1.864740 1.468060 -0.001825 0.000919 -0.000855
9 3.591220 1.807480 1.399040 -0.002300 0.000485 -0.001069
10 3.515370 1.941140 1.596060 -0.001129 0.000555 -0.000596
11 3.652560 1.820820 1.650550 -0.000868 0.000053 -0.000375
12 3.459030 1.988360 1.535680 -0.001372 0.000729 -0.000834
13 0.350391 -1.030800 0.674278 0.003637 -0.000000 -0.005158
14 3.640750 1.127990 2.377210 0.002436 -0.001029 -0.003990
15 3.706350 1.126160 2.506790 0.003385 -0.001049 -0.003744
16 3.482030 1.758480 2.355380 0.002262 -0.000047 0.000555
17 3.718420 0.935349 2.463190 0.002838 -0.000179 -0.005558
18 2.979110 1.476760 2.343690 0.002312 0.000330 0.000522
19 3.756530 1.145130 2.226500 0.002473 -0.000494 -0.002963
20 0.272135 -0.782030 0.654140 0.006291 0.002101 -0.003353
21 3.865270 1.099080 2.285390 0.004462 0.001311 -0.004996
22 3.915620 1.192730 2.241280 0.004148 0.001663 -0.003971
23 3.819070 1.343770 2.238730 0.004800 0.002711 -0.004157
24 3.813620 1.047070 2.321960 0.005642 0.001365 -0.004613
25 3.772910 1.310370 2.282730 0.004830 0.001712 -0.003247
26 4.103850 0.424989 2.281640 0.004856 0.001731 -0.009617
27 0.391052 -0.997030 0.230436 0.006004 0.003244 -0.004896
28 3.170870 1.921020 1.832450 0.003830 0.003077 -0.000420
29 3.162900 1.783970 1.943920 0.004538 0.003111 -0.000553
30 3.511630 1.456450 1.990910 0.003899 0.002252 -0.002402
31 3.603840 1.749680 1.932880 0.004091 0.002812 0.000065
32 3.043520 1.686070 1.982690 0.004007 0.002682 -0.001595
33 2.918740 2.009660 1.752410 0.003509 0.003400 0.000690
34 3.178120 1.839970 1.901180 0.004086 0.003095 0.000406
