0 0.000000 -0.019579 0.031487 0.000276 -0.000000 0.000000
1 3.491590 2.039400 1.734690 -0.000115 -0.000079 0.000600
2 3.422240 1.952680 1.632110 -0.001461 0.000043 0.000000
3 3.372560 2.054940 1.699740 -0.000985 -0.000479 0.001061
4 3.461010 1.987280 1.485570 -0.000318 0.002008 0.000535
5 3.508460 2.008860 1.813610 -0.000025 0.000000 0.000306
6 3.454920 1.966920 1.581500 -0.001235 0.000073 0.000204
7 0.113543 0.055882 -0.145536 0.000256 0.002168 0.001656
8 3.800510 2.185310 1.350650 -0.001899 0.002115 0.001851
9 3.793630 2.100750 1.418050 -0.001220 0.002085 0.000546
10 3.841960 2.067910 1.222480 -0.001705 0.003292 0.001785
11 3.616500 2.225090 1.251490 -0.001646 0.002694 0.001117
12 3.757390 2.327420 0.955045 -0.004289 0.002519 0.001288
13 3.792310 1.756730 1.482000 -0.001161 0.002643 -0.003219
14 0.427060 -0.841394 0.304565 0.003278 0.002776 -0.003249
15 3.932800 1.407240 1.439610 -0.000613 0.001086 -0.002888
16 3.916450 1.505870 1.555880 -0.001109 0.002099 -0.002070
17 3.043840 2.259640 1.903550 0.000735 0.002084 0.002947
18 3.686290 1.611240 1.505620 -0.001493 0.001154 -0.001709
19 3.795920 1.425180 1.689470 0.001084 0.003797 -0.002380
20 3.956610 1.451110 1.822130 0.002148 0.002735 -0.001366
21 0.394095 -0.591425 0.283403 0.006037 0.005118 -0.001335
22 3.858040 1.850170 1.707440 0.002996 0.003936 -0.001005
23 4.030220 1.308010 1.770740 0.003097 0.004583 -0.003207
24 3.890670 1.714750 1.703360 0.002358 0.004702 -0.001361
25 3.948660 1.746190 1.197630 0.000655 0.004032 -0.002182
26 3.732960 1.628370 1.861490 0.002848 0.003561 -0.000570
27 3.993430 1.669950 1.632940 0.002396 0.004195 -0.002485
28 0.406574 -0.878684 0.127952 0.006985 0.005278 -0.002719
29 3.681940 1.624110 1.792230 0.004815 0.004688 -0.001954
30 3.736520 1.830000 1.804480 0.005425 0.005346 -0.000087
31 3.546840 1.611560 1.753100 0.004069 0.004172 -0.001304
32 3.296110 1.886060 1.807550 0.004735 0.004355 0.001021
33 3.315150 1.979630 1.795730 0.004344 0.004407 0.000852
34 3.548860 1.899820 1.605950 0.003974 0.004961 0.000088
35 3.379500 1.842290 1.828540 0.005191 0.004150 0.000365
