0 2.039170 -2.702520 1.793030 0.034329 0.021476 -0.006579
1 3.431150 1.087380 2.410990 0.020058 0.011700 0.004140
2 4.261490 0.600827 2.482700 0.022298 0.015465 -0.001031
3 3.546920 1.086630 2.131580 0.019146 0.011564 0.003734
4 3.566320 0.769824 2.298290 0.019958 0.011977 0.002267
5 3.670290 0.526110 2.126300 0.019145 0.011280 0.001019
6 1.707320 -2.970680 1.509620 0.033179 0.017301 -0.005632
7 3.754790 0.401334 2.296620 0.013286 0.005441 -0.002248
8 3.660280 0.267059 2.079700 0.011818 0.005555 -0.003151
9 3.435280 0.579012 2.548090 0.016250 0.006407 -0.001052
10 3.678140 0.220461 2.409680 0.014288 0.005257 -0.003641
11 2.995190 1.502200 1.017470 0.000673 0.001761 -0.000493
12 2.977040 1.087830 1.551300 0.002595 -0.000554 -0.000036
13 2.912320 1.379290 1.315210 0.003470 0.002028 0.001330
14 2.412410 1.085300 1.771750 0.003623 -0.001280 -0.001080
15 2.679170 1.157540 1.283330 0.001304 -0.000053 0.000177
16 2.994940 0.708101 1.898380 0.004951 -0.001069 -0.002872
17 0.000000 0.013839 -0.026795 -0.000212 -0.000000 0.000000
18 3.195700 2.241640 1.582090 -0.000934 0.000768 0.001073
19 3.384890 2.146420 1.660220 -0.001232 0.000094 0.000649
20 3.271940 2.313760 1.614910 -0.000462 -0.000055 0.001141
21 3.340230 2.069370 1.505580 -0.001655 0.000075 0.000014
22 3.260340 1.991330 1.744770 -0.000755 -0.000820 0.000000
23 3.216340 2.406730 1.706230 -0.000042 -0.000286 0.001974
24 -0.496679 -0.244104 1.026410 0.008645 -0.003466 0.003398
25 3.086370 1.800230 2.256090 0.005097 -0.001325 0.000295
26 2.945360 1.699520 2.187340 0.004390 -0.001116 0.000135
27 2.603120 1.569210 2.047300 0.003461 -0.001111 -0.001562
28 2.937480 1.583050 2.450230 0.005935 -0.001984 0.000399
29 2.927720 1.700280 2.469190 0.005992 -0.002476 0.000788
30 3.097640 1.551560 2.389970 0.004459 -0.002536 -0.001562
31 3.058220 1.550020 2.575420 0.006643 -0.002416 0.000363
