0 0.000000 -0.010829 0.020922 0.000166 -0.000000 0.000000
1 3.213030 2.328110 1.693090 -0.000502 -0.000046 0.001739
2 3.153020 2.047170 1.655250 -0.001088 0.000138 0.000114
3 3.237580 2.231370 1.524040 -0.000914 -0.000115 0.001673
4 3.309330 2.168000 1.654040 -0.000403 0.000008 0.000939
5 2.886240 2.501790 1.720980 -0.000142 -0.000392 0.003293
6 3.322490 2.066120 1.671870 0.001818 -0.000069 0.000638
7 -0.268126 -0.363498 -0.258943 -0.000235 -0.003334 0.001049
8 3.128710 1.680850 1.377430 -0.000516 -0.003751 0.001458
9 3.358040 1.966300 1.393470 -0.000539 -0.003042 -0.001021
10 2.812940 1.744470 1.426670 -0.000352 -0.004289 0.002801
11 3.102500 2.515370 1.267720 -0.000834 -0.003959 0.002875
12 3.143560 2.280360 1.411600 -0.001284 -0.004521 0.001847
13 2.934680 2.475560 1.366080 -0.000786 -0.003255 0.003197
14 -2.177480 4.243290 -3.574810 -0.050817 -0.017781 0.010427
15 1.733800 3.657250 1.575690 -0.011141 -0.010091 0.003886
16 2.202850 3.442700 1.425010 -0.011274 -0.010346 0.003356
17 1.874310 3.501230 0.866556 -0.012928 -0.008525 0.004150
18 2.063000 3.187830 1.887960 -0.010285 -0.012680 0.001383
19 2.083560 3.304480 1.447200 -0.012064 -0.012665 0.002507
20 2.024960 3.682480 1.805080 -0.010502 -0.012866 0.005178
21 -1.990530 2.691300 -1.648850 -0.034321 -0.021185 0.006790
22 1.672140 4.395150 0.575445 -0.023831 -0.019246 0.004666
23 2.108890 4.242820 0.275904 -0.024008 -0.018018 0.002799
24 1.986530 4.574750 -0.785284 -0.022698 -0.009903 0.004476
25 1.880690 4.435770 0.493674 -0.021832 -0.017450 0.005154
26 2.042570 3.980940 0.931087 -0.021564 -0.019814 0.001427
27 1.649100 4.342510 0.359111 -0.023639 -0.018753 0.006468
28 -2.593160 2.541540 -0.589183 -0.025809 -0.025025 0.010800
29 1.248950 4.567580 0.848863 -0.016937 -0.014816 0.009894
30 1.313390 4.292090 0.769112 -0.019319 -0.015496 0.006618
31 1.178690 4.048530 0.895491 -0.016969 -0.016552 0.006805
32 1.204780 3.595190 1.036110 -0.015171 -0.017335 0.004963
33 1.747950 3.192840 0.932526 -0.015633 -0.015594 0.002048
34 1.675750 3.055810 0.863813 -0.015826 -0.015872 0.000880
35 1.487040 3.921170 0.757480 -0.014538 -0.013386 0.006724
