0 -0.060524 -0.796552 0.794729 0.005393 -0.000972 -0.003178
1 3.263850 2.252340 2.780150 0.004760 -0.001490 0.001237
2 2.427600 2.713010 2.721710 0.004651 -0.001136 0.003745
3 2.434270 2.076770 2.696510 0.004264 -0.000899 0.000796
4 2.504290 2.164020 2.724980 0.004555 -0.001066 0.002075
5 2.597290 2.708140 2.650840 0.004289 -0.001003 0.003526
6 2.574130 2.661440 2.671650 0.004187 -0.001209 0.003941
7 -0.000031 -0.000011 -0.000021 0.000000 -0.000000 0.000000
8 3.296190 2.188600 2.104500 0.000431 -0.000439 0.000044
9 3.538810 2.039080 1.976640 -0.000034 0.000028 -0.000519
10 3.512770 1.995000 2.095590 0.000294 -0.000434 -0.000834
11 3.322810 2.225330 2.105870 0.000418 -0.000583 0.001021
12 3.845390 1.688130 2.132660 0.001170 -0.000099 -0.004103
13 0.045459 -1.137110 1.749650 0.008268 -0.004275 -0.005352
14 3.685040 1.215670 3.561980 0.008357 -0.003355 -0.005044
15 3.514950 1.570990 3.356720 0.006003 -0.004246 -0.003156
16 3.516840 1.263120 3.376910 0.007406 -0.004212 -0.004826
17 3.634270 1.186330 2.945090 0.006817 -0.002280 -0.006641
18 3.174370 1.590410 3.512260 0.006793 -0.005061 -0.003095
19 3.558480 1.268450 3.362250 0.006176 -0.005585 -0.004765
20 0.116430 -0.759496 0.889903 0.007625 -0.002784 -0.005946
21 2.856620 2.210780 2.734770 0.006664 -0.002199 -0.003019
22 3.328600 2.262070 1.308900 0.000986 0.003591 -0.000119
23 3.608310 0.953841 1.976580 0.000524 -0.002827 -0.013301
24 3.323660 1.707830 2.140790 0.001272 -0.002876 -0.004829
25 2.556740 2.902100 2.788070 0.005289 -0.003832 0.003239
26 2.732670 2.165340 2.332850 0.003554 -0.001895 0.001639
27 -0.478202 -0.028668 0.951007 0.008199 -0.001662 0.001071
28 3.660710 1.875260 2.779030 0.005677 -0.001946 -0.003702
29 3.538260 1.575570 2.883980 0.006128 -0.002224 -0.006649
30 3.790860 1.551610 2.645220 0.003402 -0.003024 -0.008569
31 3.813040 1.478320 2.793590 0.004994 -0.002800 -0.006617
32 3.698420 1.454240 2.621350 0.004083 -0.002254 -0.008311
33 3.901840 1.789560 2.573820 0.002746 -0.003102 -0.007447
34 3.821780 1.606700 2.350340 0.003078 -0.001402 -0.008275
