0 0.000000 0.002524 -0.004509 -0.000035 -0.000000 0.000000
1 3.468770 2.021410 1.913830 -0.000087 -0.000066 -0.000914
2 3.502530 1.968200 2.005210 -0.000198 -0.000281 -0.001389
3 3.577560 1.935670 1.984390 0.000679 0.000258 -0.000897
4 3.436890 1.929150 1.943130 -0.000097 0.000074 -0.001633
5 3.521580 2.111030 1.971600 0.000061 0.000161 -0.000265
6 3.430120 1.832990 1.860740 -0.000642 -0.000071 -0.002955
7 0.065239 0.789287 -0.778523 -0.005106 0.000975 0.003280
8 2.723900 2.888030 1.465980 -0.004034 0.000695 0.001347
9 2.960810 2.940620 1.426670 -0.003863 0.001162 0.003342
10 3.127680 2.754220 1.427540 -0.003884 0.000795 0.000939
11 2.776580 2.881320 1.368650 -0.003569 0.000905 0.001544
12 3.829380 2.937730 1.357150 -0.005256 0.000822 0.000888
13 2.887090 2.982960 1.385740 -0.004254 0.001314 0.001783
14 0.029993 -0.503259 1.245050 0.005055 -0.003218 -0.002024
15 3.546670 1.908390 3.045650 0.003953 -0.003232 -0.001561
16 3.733580 1.904250 3.030220 0.004984 -0.003429 -0.002180
17 4.097890 1.418640 3.050140 0.004937 -0.003206 -0.006634
18 3.439860 2.322210 3.060140 0.004373 -0.003495 0.000688
19 3.711560 1.688380 2.862620 0.004565 -0.003511 -0.003017
20 3.492410 1.792610 3.079260 0.004588 -0.002914 -0.002457
21 0.140917 -0.127918 0.387776 0.004323 -0.001848 -0.002626
22 3.564860 3.068600 2.431980 0.004505 -0.001831 0.003401
23 3.689650 2.394920 1.968600 0.001222 -0.000585 -0.000839
24 3.946230 1.927930 2.078950 0.003664 -0.001850 -0.006029
25 3.608380 2.045700 2.248640 0.003157 -0.001110 -0.002569
26 3.651600 2.502680 2.397670 0.003582 -0.002344 0.000262
27 3.597020 2.377880 2.333840 0.003253 -0.001764 -0.000561
28 -0.147372 0.565834 0.107187 0.003415 0.000214 0.003144
29 3.913760 2.216210 2.069470 0.001694 0.000126 -0.003506
30 3.824280 2.396110 2.017660 0.001641 0.000452 -0.001854
31 3.951280 2.415670 1.944240 0.001495 0.000841 -0.001334
32 3.547280 2.723130 2.076360 0.001906 0.000129 0.001856
33 3.912010 2.302010 1.967920 0.001610 0.000806 -0.002649
34 3.979240 2.610250 1.886090 0.000741 0.000559 -0.000855
35 3.957140 2.574330 1.962050 0.001200 0.000434 -0.000469
