0 -0.282300 -0.066412 0.775005 0.005000 -0.001938 0.001551
1 3.259070 2.185620 2.619050 0.004306 -0.001188 0.001707
2 3.282850 1.970810 2.553490 0.003408 -0.001469 0.001014
3 3.299370 2.024690 2.593710 0.003456 -0.001735 0.000853
4 3.306290 1.991130 2.688140 0.003986 -0.001858 0.000783
5 3.568960 1.948380 2.668250 0.003275 -0.002099 -0.000272
6 3.255680 1.944640 2.676940 0.003569 -0.002027 -0.000967
7 0.000000 0.000000 0.000000 0.000000 -0.000000 0.000000
8 3.414850 2.027720 1.943810 -0.000191 -0.000059 -0.000606
9 3.535960 1.969880 1.906770 -0.000535 0.000000 -0.000545
10 3.548440 2.150560 1.858600 -0.000712 0.000345 0.000575
11 3.289770 2.058110 1.895470 -0.000490 -0.000000 0.000000
12 3.420310 2.012690 1.824740 -0.000034 0.000345 0.000000
13 3.427700 2.005120 2.035670 -0.000218 -0.000339 -0.000331
14 0.098530 0.327952 -0.300584 -0.002121 0.000862 0.000571
15 3.708620 2.332640 1.636330 -0.002565 0.000967 -0.001117
16 3.753270 2.562390 1.690490 -0.002473 0.000909 -0.000499
17 3.554250 2.451950 1.784320 -0.001754 0.000621 0.001036
18 3.708060 2.354860 1.612760 -0.003031 0.000904 -0.000921
19 3.780140 2.710070 1.480240 -0.003591 0.001177 0.000539
20 3.678000 2.483610 1.631700 -0.002351 0.001352 0.000408
21 0.229652 0.786837 -1.268840 -0.007478 0.003946 0.000818
22 3.643680 3.080780 0.969027 -0.006004 0.003298 0.000624
23 3.924800 2.678120 0.535220 -0.005970 0.005894 -0.001627
24 3.801560 2.886610 0.713949 -0.007815 0.004043 0.001067
25 3.908080 2.769650 0.725285 -0.007291 0.004291 -0.000162
26 3.797180 2.747910 0.808228 -0.007026 0.003808 0.000894
27 3.536830 3.194300 0.861430 -0.007300 0.003331 0.001047
28 0.325727 1.283480 -2.243080 -0.014283 0.005940 0.001213
29 3.801430 3.098080 0.318068 -0.009834 0.005396 0.000947
30 3.687670 3.110030 0.564562 -0.006401 0.002942 0.001695
31 3.973940 2.981250 0.360249 -0.005037 0.005512 0.000642
32 3.079840 3.052860 0.966343 -0.008577 -0.002597 0.000664
33 3.288920 3.113500 0.885381 -0.008024 -0.003081 0.001926
34 3.330360 3.088790 0.925079 -0.008235 -0.002017 0.001173
35 3.868760 2.949080 0.554048 -0.003881 0.004480 0.000849
