0 0.000000 -0.011267 0.019592 0.000157 -0.000000 0.000000
1 3.420440 2.006590 1.883860 -0.000339 0.000264 0.000000
2 3.513040 1.881090 1.930820 -0.000798 -0.000194 -0.000852
3 3.334890 2.053160 2.017070 0.000005 0.000117 -0.000000
4 3.452760 1.976940 1.939500 -0.000793 -0.000116 -0.000658
5 3.392960 2.259820 1.851030 -0.000827 0.000205 0.001324
6 3.438890 1.973070 1.859530 -0.001185 -0.000023 -0.000350
7 0.310083 -0.058890 -0.542409 -0.004311 0.000935 -0.001991
8 3.823870 1.834330 1.615440 -0.004126 0.000386 -0.002850
9 3.801930 2.449400 1.500280 -0.004164 0.000710 -0.000376
10 3.753850 1.901850 1.749870 -0.003519 0.000070 -0.002902
11 3.594320 1.820390 1.526860 -0.004777 0.000437 -0.005256
12 3.865760 2.093490 1.534060 -0.003665 0.000901 -0.001144
13 3.808170 2.035830 1.551750 -0.004268 0.000190 -0.002005
14 0.348302 0.286071 -0.970586 -0.006177 0.002836 -0.000939
15 3.642010 2.330420 1.112650 -0.006150 0.002545 -0.000445
16 3.741030 2.109550 1.166830 -0.005445 0.002505 -0.001944
17 3.864150 2.250330 1.100850 -0.006394 0.002436 -0.001898
18 3.839820 2.300890 0.993537 -0.006293 0.003114 -0.001982
19 3.817850 3.015210 1.022910 -0.007221 0.002678 0.001618
20 3.826030 2.133010 1.053100 -0.006191 0.003165 -0.002736
21 0.379863 0.859684 -1.853520 -0.011790 0.005288 -0.000000
22 3.664760 3.077870 0.329804 -0.010800 0.004969 -0.000141
23 3.946660 3.004230 0.359098 -0.010364 0.004843 0.000301
24 3.745990 3.252320 0.275685 -0.011613 0.005019 0.001861
25 3.575990 2.853430 1.175540 -0.003229 0.001519 0.000571
26 3.839140 3.147560 0.206997 -0.012030 0.004637 -0.000297
27 3.910540 2.890520 0.358317 -0.010541 0.004882 -0.000283
28 0.504750 1.305670 -2.796310 -0.018470 0.007029 0.000000
29 3.721770 3.080440 0.417179 -0.007891 0.003313 -0.000120
30 3.486100 3.189580 0.037664 -0.010727 0.002519 0.001135
31 3.596840 2.909340 0.153929 -0.009332 0.003008 0.000526
32 3.181870 3.026980 0.378839 -0.009972 0.001480 0.000436
33 3.701260 3.099790 0.011223 -0.009944 0.003250 0.000900
34 3.754800 3.169610 0.207827 -0.011078 0.001232 -0.000096
35 2.820400 3.103920 0.594691 -0.009889 -0.001104 0.001105
