0 -0.239287 0.245770 -1.084000 -0.004811 0.002570 0.001629
1 3.478890 2.029360 0.772594 -0.005681 0.002681 -0.002341
2 3.405800 2.158940 0.876801 -0.004233 0.002853 -0.000983
3 3.552680 2.259020 0.575775 -0.006369 0.003332 -0.001402
4 3.470290 2.241740 0.832634 -0.005416 0.002547 -0.001096
5 3.562140 1.933780 0.817318 -0.005046 0.002595 -0.002598
6 3.557910 2.016310 0.881486 -0.005199 0.002483 -0.002149
7 0.000000 0.000000 0.000000 0.000000 -0.000000 0.000000
8 3.121450 1.910470 2.078860 0.001324 -0.000000 -0.002246
9 3.629470 1.887250 2.106880 0.001344 -0.000311 -0.001977
10 3.022660 2.089760 2.134630 0.001067 -0.000914 -0.000023
11 3.468670 1.947060 2.114360 0.001155 -0.000631 -0.002394
12 3.461770 1.865550 1.979510 0.000241 -0.000495 -0.002685
13 3.224270 1.984890 2.140260 0.001082 -0.000856 -0.001796
14 0.624142 -1.783540 3.640070 0.009363 -0.014497 -0.011567
15 2.887470 1.470100 3.153400 0.007189 -0.013415 -0.003974
16 3.142640 1.243260 2.892070 0.005083 -0.013383 -0.005933
17 2.834000 1.726860 2.811420 0.002895 -0.011131 -0.002087
18 2.840790 1.834280 2.695030 -0.000537 -0.012226 -0.002613
19 4.551790 0.363038 2.952460 0.004187 -0.011132 -0.013350
20 1.675530 -3.506630 4.228750 0.009395 -0.021505 -0.023179
21 4.380990 -0.750359 3.931140 0.007902 -0.010563 -0.020267
22 4.064300 0.125646 3.442410 -0.000267 -0.017349 -0.016214
23 3.841360 0.083483 5.281280 0.006888 -0.019055 -0.015625
24 3.438150 0.606962 3.210370 0.007372 -0.009582 -0.010715
25 0.144359 -0.736825 1.899910 0.008409 -0.008934 -0.007230
26 2.500450 1.347600 3.721540 0.008737 -0.007890 -0.006556
27 2.645160 2.158010 3.544220 0.007492 -0.008015 -0.003547
28 2.662980 1.935850 3.666420 0.007927 -0.008429 -0.003518
29 3.401790 -0.481239 0.934718 0.003268 0.000423 -0.006684
30 2.501510 1.600850 0.773570 -0.004494 -0.006230 0.000628
31 2.576690 1.853930 0.876753 -0.004401 -0.006558 -0.002291
