0 0.000000 0.000000 0.000000 0.000000 -0.000000 0.000000
1 2.900330 1.965240 1.951130 0.000327 -0.000719 -0.001658
2 3.067210 2.217040 1.868050 0.000179 0.000214 0.000185
3 3.428170 2.035600 1.912280 0.000010 -0.000542 -0.000734
4 3.100630 1.961780 1.763810 -0.000818 0.000091 -0.001225
5 3.335000 2.083370 1.904770 0.000193 -0.000569 -0.000867
6 3.352170 1.969450 1.945970 0.000403 0.000059 -0.000847
7 0.435018 -0.055080 0.566677 0.001411 0.000206 -0.001871
8 3.900460 2.288950 2.664980 0.002798 -0.000293 -0.003136
9 4.086990 1.890770 2.738540 0.002616 -0.000580 -0.005025
10 3.985700 1.961650 2.675960 0.001770 -0.001624 -0.005882
11 4.285240 1.947400 2.991320 0.003627 -0.001667 -0.006367
12 4.275710 1.994460 2.584820 0.002155 0.000096 -0.006711
13 4.086940 2.264090 2.675330 0.002658 -0.000243 -0.004927
14 1.014520 -2.004160 3.778580 0.010138 -0.013784 -0.013655
15 3.070920 1.347880 3.458920 0.009116 -0.013092 -0.006578
16 2.927230 1.346920 3.516980 0.008911 -0.013783 -0.004734
17 3.210170 1.384980 3.089300 0.003079 -0.012894 -0.006975
18 3.204180 1.481760 3.484100 0.009373 -0.013024 -0.004471
19 2.893670 1.291170 3.390740 0.008197 -0.013205 -0.004912
20 4.053480 0.319178 3.533960 0.009502 -0.013395 -0.013473
21 2.061710 -3.710950 4.475930 0.011110 -0.020593 -0.024937
22 3.902140 0.118131 4.113990 0.010212 -0.018957 -0.015455
23 4.273990 0.207291 3.768210 0.002149 -0.016544 -0.016226
24 4.073520 0.050515 5.424900 0.010516 -0.016682 -0.016007
25 3.578250 0.209526 3.054340 0.006302 -0.013952 -0.013322
26 3.360880 0.415976 3.039530 0.008909 -0.008336 -0.010923
27 3.025600 0.545881 3.809480 0.010242 -0.016753 -0.011629
28 0.514321 -0.913325 2.024060 0.010668 -0.006394 -0.008457
29 3.095200 1.896310 3.517510 0.008095 -0.006109 -0.005266
30 2.853670 2.450740 3.619460 0.009965 -0.004976 -0.002096
31 3.098050 2.447070 3.764860 0.010371 -0.005742 -0.001747
32 3.136250 1.635150 1.445760 -0.001739 -0.005075 -0.003904
33 2.392120 2.623020 0.710026 -0.006379 -0.006605 0.001236
34 3.179510 1.260110 1.150010 -0.001780 -0.003729 -0.001992
35 3.280120 1.384620 0.969910 -0.000940 -0.001865 -0.003000
