0 -0.345195 0.305924 0.111633 -0.001890 -0.002399 0.000865
1 3.068080 2.480650 2.367290 -0.000508 -0.002476 -0.000417
2 3.119140 2.395350 2.324600 -0.000708 -0.001901 -0.000093
3 2.773100 2.837630 2.330600 -0.000550 -0.002092 0.003320
4 3.104320 2.832180 2.353400 -0.001198 -0.002024 0.002547
5 3.057070 2.600000 2.454820 -0.000348 -0.002711 0.001044
6 3.161920 2.511390 2.300080 -0.001009 -0.002335 0.000778
7 0.000000 0.000000 0.000000 0.000000 -0.000000 0.000000
8 3.301840 1.822270 2.077340 0.000424 0.000118 -0.000503
9 3.173630 2.062670 2.160090 0.000376 -0.000612 0.000934
10 3.242890 2.266590 2.064590 0.000439 -0.000003 0.002269
11 3.447000 1.861650 2.063860 0.000394 0.000000 -0.000751
12 3.216290 2.290120 1.836000 -0.000996 0.000040 0.000855
13 3.427300 2.208900 1.894630 0.000253 0.000255 0.000799
14 0.573992 -0.228235 -2.172930 -0.012954 -0.000507 -0.006855
15 3.690000 2.428570 0.135271 -0.012977 -0.001124 -0.005853
16 3.667560 2.523440 0.401864 -0.012756 -0.002943 -0.005820
17 3.708000 3.051880 -0.008346 -0.013744 -0.000545 -0.002745
18 3.837310 2.480360 0.350535 -0.013156 -0.002583 -0.006183
19 3.556820 2.987800 0.171726 -0.013805 -0.002032 -0.002949
20 3.505790 3.010030 0.365246 -0.012684 -0.001998 -0.002877
21 1.244800 -0.594106 -2.427330 -0.014929 0.002293 -0.010774
22 4.302460 1.937640 -0.070846 -0.014591 0.001233 -0.010871
23 4.129800 2.343390 -0.264477 -0.015374 0.001541 -0.008686
24 3.937130 2.756420 0.012069 -0.014838 0.000552 -0.005277
25 4.043470 2.379610 -0.255153 -0.015324 0.001651 -0.007385
26 4.332380 2.074490 -0.216141 -0.015777 0.001451 -0.008969
27 1.186500 0.437492 -3.885320 -0.028102 -0.000000 -0.010763
28 3.616350 3.630590 -1.252830 -0.026512 -0.000951 -0.004982
29 4.053250 3.409200 -1.190440 -0.026295 -0.001048 -0.005634
30 3.629340 3.378990 -1.292430 -0.026115 -0.000249 -0.005538
31 4.069280 2.884080 -0.919904 -0.024414 -0.001280 -0.007011
32 3.809510 3.420600 -1.209410 -0.027055 -0.001191 -0.004960
33 4.056920 3.226690 -1.067360 -0.025506 -0.001212 -0.005785
34 3.852870 2.780920 -0.769343 -0.024280 -0.002254 -0.006957
