0 0.000000 0.000000 0.000000 0.000000 -0.000000 0.000000
1 3.294760 2.068130 2.030260 -0.000188 0.000002 0.000787
2 3.311080 2.081450 2.159950 0.000381 -0.000287 0.000465
3 3.258070 2.309100 2.028650 -0.000081 -0.000000 0.002123
4 3.378960 2.151430 2.036000 0.000000 0.000567 0.000847
5 3.234820 2.154390 2.168620 0.000764 -0.000645 0.001440
6 3.153070 2.126380 2.163730 0.000399 -0.000607 0.000899
7 0.340746 -0.307718 -0.045439 0.002117 0.002350 -0.000851
8 3.777710 1.760630 2.182480 0.002461 0.002164 -0.002879
9 3.688130 1.891340 2.161740 0.002582 0.001547 -0.000761
10 3.668290 1.955290 1.566370 0.001416 0.002354 -0.000462
11 3.572510 2.075290 2.071300 0.002212 0.001821 0.000422
12 3.750940 1.743570 1.346880 -0.000329 0.001489 -0.004420
13 4.141660 1.577260 1.378410 -0.000781 0.002501 -0.007695
14 0.904846 -0.522328 -2.243790 -0.011401 0.001398 -0.007988
15 4.324260 2.067870 -0.205054 -0.012290 0.001821 -0.007386
16 4.125850 2.400430 -0.023288 -0.012473 0.000272 -0.005932
17 3.795310 2.874370 -0.012586 -0.011976 0.000645 -0.001766
18 4.302760 2.066310 -0.192261 -0.012596 0.000629 -0.007191
19 3.796060 2.768350 -0.106440 -0.012866 0.000961 -0.001953
20 3.843770 2.504080 0.303321 -0.012156 -0.001240 -0.004675
21 1.610230 -0.891509 -2.548260 -0.013514 0.004364 -0.012128
22 5.089010 1.071940 -0.391648 -0.013623 0.003854 -0.015431
23 4.710560 1.965240 -0.317161 -0.014236 0.003095 -0.009345
24 4.539790 2.308350 -0.486306 -0.014240 0.003365 -0.007889
25 4.672670 2.156720 -0.353292 -0.014247 0.003636 -0.008406
26 3.779320 2.464430 -0.364853 -0.014130 0.004009 -0.005618
27 4.619250 1.750870 -0.400244 -0.014695 0.003780 -0.010320
28 1.430960 0.272843 -4.019810 -0.027537 0.001279 -0.011586
29 4.172150 3.352870 -1.441850 -0.026096 0.000414 -0.005613
30 4.504870 2.681140 -1.429590 -0.025831 0.000217 -0.009273
31 4.162660 3.242370 -1.511990 -0.026462 0.000545 -0.006246
32 3.810570 3.256700 -1.090780 -0.025541 -0.001392 -0.006622
33 4.317600 2.843250 -1.366050 -0.025970 -0.000312 -0.008414
34 4.495270 2.755280 -1.403440 -0.026255 -0.000087 -0.009042
35 4.283620 2.503970 -1.282910 -0.025460 -0.000150 -0.009008
