0 0.109802 -0.518787 0.694987 0.006513 -0.000000 -0.000852
1 3.745270 2.337530 2.578030 0.005980 0.000118 0.000082
2 3.656990 2.008300 2.592810 0.005981 -0.000011 -0.002190
3 3.765130 1.977850 2.464450 0.005432 -0.000215 -0.001657
4 3.681290 2.386850 2.638640 0.006377 0.000262 -0.000007
5 3.622470 2.260430 2.702880 0.006242 -0.000673 -0.000131
6 3.810070 2.467900 2.447650 0.004951 0.000133 0.000911
7 -0.003460 -0.000066 0.006361 0.000000 -0.000049 0.000000
8 3.664190 2.298170 2.030820 0.001408 -0.000022 -0.001086
9 3.692780 2.285100 1.956120 0.000327 -0.000528 -0.000000
10 3.614100 2.355740 1.870750 0.000639 0.000395 0.000485
11 3.454790 2.406700 2.064620 0.000849 -0.001039 -0.000000
12 3.595490 2.579150 1.958800 0.000516 0.000033 0.000902
13 3.598510 2.265360 1.834160 0.000883 -0.000049 -0.001459
14 -0.065321 0.236799 -0.039214 -0.002156 -0.000931 -0.000000
15 3.533080 2.310900 1.952830 -0.001389 -0.000920 -0.000757
16 3.511900 2.541540 1.694840 -0.002103 -0.000964 0.000138
17 3.465430 2.355480 1.878990 -0.002560 -0.000919 -0.001388
18 3.621650 3.076880 1.775770 -0.002149 -0.000727 0.001223
19 3.475030 3.217930 1.756990 -0.002583 -0.000645 0.002824
20 3.701830 2.680240 1.972820 -0.002183 -0.001372 0.000286
21 -0.195972 0.539239 -0.181007 -0.004461 -0.001845 0.000515
22 3.460020 2.771180 1.850550 -0.004087 -0.001713 0.000447
23 3.385800 2.882620 1.915370 -0.003233 -0.001824 0.000194
24 3.417000 3.213730 1.938830 -0.002955 -0.001860 0.002532
25 3.439980 3.308410 1.812960 -0.003907 -0.001743 0.001444
26 3.350100 3.118670 1.780070 -0.004230 -0.001632 0.001148
27 3.437330 2.914380 1.887570 -0.004202 -0.002204 -0.001006
28 -0.436415 0.948138 -0.357959 -0.007121 -0.002012 0.002054
29 3.349170 3.171400 1.685750 -0.005246 -0.002004 0.001083
30 3.412630 3.156910 1.434350 -0.006523 -0.000946 0.000814
31 3.192430 3.132180 1.378590 -0.008089 -0.002208 0.003169
32 3.046750 3.088220 1.715760 -0.006413 -0.002576 0.001241
33 3.010300 3.235040 1.410180 -0.006990 -0.001715 0.001725
34 3.146520 3.683950 1.514140 -0.007246 -0.002388 0.002874
35 3.452970 2.971090 1.519790 -0.005152 -0.001590 -0.000787
