0 0.000000 0.006377 -0.011756 -0.000091 -0.000000 0.000000
1 3.721230 2.377980 1.988020 0.000652 -0.000134 0.000141
2 3.534820 2.376310 2.040750 0.001161 -0.000000 0.000047
3 3.425410 2.545800 1.917860 0.000007 -0.000106 0.000893
4 3.271020 2.355220 1.830530 0.000116 0.000883 -0.000268
5 3.613250 2.630420 1.948630 0.000561 -0.000000 0.001070
6 3.502190 2.699480 1.981700 0.000194 0.000000 0.001988
7 -0.030857 0.479967 -0.750373 -0.006523 0.000452 0.000489
8 3.515390 2.520990 1.441350 -0.004380 -0.000662 -0.002531
9 3.532650 2.708240 1.298180 -0.005892 -0.000287 -0.002092
10 2.887950 4.020720 1.114060 -0.006447 0.000462 0.005858
11 3.609100 3.111110 1.318670 -0.005571 0.000174 -0.000130
12 3.581770 3.237400 1.287600 -0.005715 0.000426 -0.000323
13 3.944550 2.513280 1.290960 -0.005671 0.000197 -0.005543
14 -0.138211 0.721466 -0.776778 -0.007955 -0.000000 0.001067
15 3.541690 2.852840 1.307870 -0.006615 -0.000095 0.000149
16 3.406740 3.092390 1.324290 -0.005882 -0.000225 0.001273
17 3.648030 2.770110 1.224710 -0.007282 0.000132 0.000165
18 3.628490 2.770430 1.319420 -0.006152 0.000152 -0.001519
19 3.452680 3.423630 1.063860 -0.007573 0.000609 0.001196
20 3.431850 3.297370 0.832374 -0.007980 0.000310 0.001467
21 -0.192291 0.924268 -0.899966 -0.010000 -0.000775 0.001065
22 3.317320 3.617890 1.053280 -0.008596 -0.000354 0.001127
23 3.366050 3.130530 1.394290 -0.005077 -0.000837 -0.000400
24 3.608880 3.362950 1.001960 -0.009315 -0.000334 0.000504
25 3.457810 3.798740 1.032000 -0.009239 -0.000657 0.002496
26 3.404010 3.703550 1.017780 -0.011086 -0.001502 0.003534
27 3.462980 3.483180 1.119840 -0.008711 -0.000337 0.001293
28 -0.414117 1.335420 -1.130650 -0.013682 -0.001468 0.002218
29 3.394210 2.995040 0.983435 -0.011931 -0.001548 -0.000769
30 3.416830 2.869040 0.787590 -0.003462 0.000812 0.000532
31 3.476380 3.182790 0.860152 -0.003371 0.000724 0.003077
32 3.306300 3.051140 0.343592 -0.007426 -0.000842 0.001200
33 3.594330 3.067270 0.389204 -0.004783 0.003301 0.002078
34 3.329530 3.224270 -0.013957 -0.007918 0.001374 0.003454
35 3.331520 3.029150 0.862063 -0.003339 0.001305 0.001494
