0 -0.108833 -0.229887 0.682283 0.004500 -0.000406 0.001220
1 3.328960 1.891770 2.293760 0.004178 0.000663 0.001223
2 3.537910 1.649200 2.507730 0.004396 -0.000418 -0.001351
3 3.810850 1.507130 2.108460 0.005615 0.002581 -0.002556
4 3.576250 1.699120 2.394340 0.003403 -0.000124 -0.000693
5 3.781820 1.330610 2.451260 0.004619 0.000132 -0.003887
6 3.763440 1.288480 2.381610 0.004468 0.000353 -0.003447
7 -0.013790 0.000000 0.023914 0.000000 -0.000188 0.000000
8 3.224890 1.751210 1.939640 -0.000556 -0.000869 -0.001604
9 2.797230 2.136020 1.830790 -0.000993 -0.000156 0.001000
10 3.315780 1.698640 1.792660 -0.001245 -0.000298 -0.001986
11 3.470880 1.681420 1.866620 0.000372 -0.000008 -0.002560
12 3.186940 1.889020 1.991020 -0.000350 -0.001212 0.000000
13 3.279750 1.859720 1.727190 -0.001065 0.000254 -0.000920
14 0.136877 0.174664 -0.131622 -0.000009 0.001539 0.000000
15 3.628200 2.054290 1.583500 -0.000482 0.002544 -0.001481
16 3.673770 1.971160 1.687090 0.000203 0.002235 -0.002233
17 3.932390 1.898970 1.908280 0.000556 0.001293 -0.003354
18 3.737690 2.050820 1.676050 -0.000535 0.001944 -0.000563
19 3.700890 2.069300 1.695760 -0.000790 0.001814 -0.001803
20 3.666420 2.079680 1.507150 -0.000230 0.003426 -0.000706
21 -0.027411 0.157256 0.142631 -0.000613 -0.000690 -0.000193
22 3.488900 1.871810 1.980040 -0.001907 -0.001023 -0.004176
23 3.386700 2.103690 1.985870 -0.001585 -0.001158 -0.001861
24 3.274970 2.457510 2.043240 -0.001238 -0.001087 0.000216
25 3.366940 2.254240 1.925740 -0.001992 -0.000447 -0.000537
26 3.837060 1.653480 1.742510 0.001180 0.001009 -0.003813
27 3.377980 2.442070 1.958860 -0.001475 -0.000835 0.000606
28 -0.023556 0.085765 -0.123475 -0.000944 0.000450 0.001413
29 3.312260 1.728720 1.941300 -0.000464 0.000261 -0.002161
30 3.281370 2.335440 1.813480 -0.000932 0.000738 0.002004
31 3.484790 1.827600 1.749490 -0.000185 0.000558 -0.000849
32 3.461910 1.989070 1.700960 -0.000446 0.000150 0.000901
33 3.712760 1.629340 1.596870 -0.001051 0.001232 -0.002221
34 3.440420 1.953270 1.541660 -0.001697 0.001111 -0.000015
35 3.508550 1.948820 1.320830 -0.001824 0.000433 -0.001096
