0 0.000000 0.000000 0.000000 0.000000 -0.000000 0.000000
1 3.290740 1.998640 1.751780 -0.000964 0.000383 0.000210
2 3.308640 1.875930 1.669700 -0.001002 0.000649 -0.000474
3 3.400640 1.778830 1.840070 -0.000554 -0.000262 -0.001424
4 3.301870 1.849680 1.774490 -0.000292 0.000332 -0.000886
5 3.349470 1.760160 1.935740 -0.000623 -0.000834 -0.001754
6 3.202840 1.910960 1.799580 -0.000136 -0.000024 0.000316
7 0.088395 0.201488 -0.591692 -0.003333 0.000826 -0.000899
8 3.288980 2.246080 1.316340 -0.004341 0.000390 -0.000302
9 3.353170 2.332740 1.240040 -0.004666 0.000687 -0.000227
10 3.412850 2.227760 1.171290 -0.004907 0.001024 -0.001636
11 3.376730 2.095960 1.307250 -0.003974 0.000860 -0.003087
12 3.376990 2.132070 1.051920 -0.004911 0.001776 -0.001371
13 3.453880 2.329840 1.168610 -0.005218 0.000981 -0.001432
14 0.183807 0.196731 -0.562841 -0.003239 0.001096 -0.001573
15 3.569970 2.183890 1.345760 -0.003846 0.000921 -0.001393
16 3.301190 2.327310 1.329060 -0.004052 0.000976 -0.000928
17 3.584560 2.277590 1.469680 -0.003363 0.000560 -0.003165
18 3.506830 1.964840 1.263490 -0.003589 0.001215 -0.003072
19 3.522650 2.173670 1.247320 -0.004559 0.001123 -0.002520
20 4.034920 1.706010 1.388600 -0.003861 0.000623 -0.006641
21 0.122647 0.238210 -0.386848 -0.002264 0.001046 -0.000723
22 3.371920 2.007520 1.458480 -0.002012 0.001190 -0.002602
23 3.294080 2.655450 1.595620 -0.002297 0.000500 0.002610
24 3.438760 2.546160 1.400690 -0.003699 0.001051 0.000103
25 3.518080 2.214050 1.453710 -0.002633 0.000691 -0.001071
26 3.392300 2.762670 1.421790 -0.002335 0.000975 0.002420
27 3.743090 2.164350 1.388370 -0.003348 0.001208 -0.001795
28 0.208354 0.051780 -0.605512 -0.004527 -0.000112 -0.002089
29 3.575530 2.162880 1.363720 -0.004274 0.000117 -0.002181
30 3.976750 1.709750 1.310320 -0.003535 0.000681 -0.005780
31 3.910730 1.460090 1.156100 -0.006521 -0.000236 -0.006169
32 3.674900 1.679930 1.351080 -0.004387 -0.000150 -0.004439
33 3.757890 1.827800 1.154160 -0.004091 0.000255 -0.004056
34 3.536400 2.077780 0.985204 -0.004831 0.000531 -0.002249
35 3.412700 2.400150 0.876756 -0.006439 0.000337 -0.000182
