0 -0.834558 0.274665 1.325050 0.011354 -0.001431 0.007423
1 2.807720 2.272420 2.967460 0.008636 -0.001872 0.004115
2 2.938450 1.957440 2.889880 0.008576 -0.001166 0.001968
3 2.910430 2.045260 2.830960 0.007794 -0.001066 0.002440
4 3.003390 1.797480 2.524480 0.005233 -0.000953 -0.001437
5 3.044910 1.840440 2.528140 0.005032 -0.001050 -0.000499
6 2.983300 2.421990 2.204390 0.003486 -0.000309 0.003550
7 0.000000 0.000000 0.000000 0.000000 -0.000000 0.000000
8 3.001420 1.835500 1.899960 -0.000434 0.000000 -0.000875
9 3.439410 1.732050 1.983080 0.000029 -0.000733 -0.000976
10 3.222880 1.968130 1.718430 -0.001639 0.000038 -0.000154
11 3.352030 2.056170 1.744320 -0.001250 -0.000159 0.000253
12 3.384630 1.937700 1.833230 -0.001131 -0.000241 -0.000782
13 -0.114573 0.337070 -0.072034 -0.005601 -0.002719 -0.000847
14 3.260830 2.502760 1.931740 -0.005065 -0.003024 -0.000109
15 3.238090 2.505980 1.972300 -0.004342 -0.003510 -0.000375
16 3.259710 2.399550 2.072360 -0.003903 -0.003251 -0.000852
17 3.125100 2.606580 1.865730 -0.005841 -0.003306 -0.000151
18 3.343670 2.699920 1.942980 -0.004737 -0.003235 0.000612
19 -0.271839 0.327621 0.757601 -0.003117 -0.005938 -0.001521
20 3.255980 2.478130 2.189310 -0.003844 -0.005448 -0.001993
21 3.162430 3.058040 2.501270 -0.002137 -0.006110 0.001260
22 3.124970 2.870780 2.623240 -0.002199 -0.005590 -0.000747
23 3.198280 2.421450 2.630710 -0.001603 -0.005902 -0.001889
24 3.358050 2.527160 2.584150 -0.002673 -0.006512 -0.001103
25 3.100530 2.843130 2.668230 -0.002660 -0.006163 -0.000400
26 -0.431158 0.357884 0.496929 -0.007170 -0.007445 -0.001537
27 3.051570 2.788200 2.178950 -0.004692 -0.005806 -0.000410
28 2.907750 2.727860 2.038330 -0.007056 -0.006354 -0.000561
29 2.968300 2.573640 2.306670 -0.005785 -0.007241 -0.000621
30 2.886210 2.680080 2.448220 -0.004781 -0.006587 -0.000024
31 3.236620 2.506490 2.263760 -0.004139 -0.006147 -0.000354
32 2.707970 2.970700 2.008540 -0.006157 -0.006164 0.000833
