0 0.000000 -0.000768 0.001272 0.000011 -0.000000 0.000000
1 3.306620 1.989760 1.858510 -0.000253 -0.000404 -0.000000
2 3.285740 1.941690 1.904370 0.000138 -0.000325 -0.000227
3 3.305940 2.001970 1.595520 -0.002033 0.000138 0.000160
4 3.420760 1.752850 1.747330 -0.001374 -0.000102 -0.002028
5 3.448420 1.928480 1.743850 -0.001584 -0.000288 -0.000857
6 3.410700 1.800720 1.749750 -0.001718 -0.000149 -0.001406
7 0.804800 -0.314302 -1.240860 -0.011037 0.000844 -0.007481
8 3.124670 2.316420 1.389460 -0.003607 -0.002259 -0.001613
9 3.496510 2.398040 0.877968 -0.010245 -0.000105 -0.002795
10 3.923820 2.197740 0.840326 -0.010060 0.000132 -0.003537
11 3.866560 1.827300 0.700660 -0.005921 -0.000587 -0.004814
12 4.075520 2.104090 0.768356 -0.011008 0.000599 -0.005565
13 4.149810 2.003980 0.738792 -0.011376 0.000739 -0.005939
14 0.862877 -0.095100 -1.498930 -0.017372 -0.001208 -0.009318
15 3.576300 2.018180 0.935810 -0.008547 -0.002922 -0.005809
16 3.993010 2.056580 0.992923 -0.008789 -0.003362 -0.006687
17 3.439620 2.205280 0.773551 -0.008682 -0.002067 -0.004952
18 3.558660 1.973330 0.828656 -0.008961 -0.002585 -0.006463
19 3.675240 2.458740 0.737444 -0.010848 -0.003808 -0.005029
20 3.581710 2.267270 1.005460 -0.008958 -0.003448 -0.004856
21 0.534569 0.093944 -0.671328 -0.015195 -0.004714 -0.008822
22 3.606100 2.699280 1.586280 -0.007314 -0.005643 -0.005370
23 3.405090 2.678360 1.587960 -0.007843 -0.005973 -0.005563
24 3.587520 2.660370 1.499790 -0.006312 -0.004320 -0.005570
25 3.819100 1.987800 1.425690 -0.007368 -0.005139 -0.007664
26 3.658950 2.041360 1.657410 -0.006897 -0.005719 -0.004418
27 3.337690 1.974400 1.656450 -0.007155 -0.006327 -0.005539
28 0.486257 -0.091161 -0.690176 -0.018190 -0.006988 -0.010000
29 3.264420 2.743350 0.714124 -0.012641 -0.006463 -0.005415
30 3.025270 2.382570 1.546290 -0.009422 -0.007488 -0.003446
31 3.701290 2.080410 1.558990 -0.009463 -0.008128 -0.008532
32 3.659650 2.354470 1.520910 -0.008984 -0.006501 -0.006117
33 3.318840 1.903750 1.725410 -0.008303 -0.008386 -0.007398
34 3.416960 2.705660 1.330490 -0.010259 -0.006796 -0.005528
35 3.789900 2.005900 1.191290 -0.010472 -0.007079 -0.008834
