0 -0.196044 0.645428 -0.681068 -0.007214 -0.000754 0.001041
1 3.054960 2.671350 1.419830 -0.004926 -0.000355 -0.000568
2 2.939930 2.706050 1.326550 -0.005681 -0.001357 0.000486
3 3.094580 2.654830 1.114340 -0.005575 -0.000384 -0.001536
4 3.028090 3.193210 1.552230 -0.005015 -0.000936 0.002102
5 3.232690 2.715430 1.508950 -0.004812 -0.001304 0.000583
6 3.174460 2.722970 1.492780 -0.004692 -0.001290 0.000238
7 0.000000 -0.022495 0.043623 0.000318 -0.000000 0.000000
8 3.172880 2.300400 1.779700 0.001319 0.001758 0.000515
9 3.138430 2.337620 1.928060 0.001503 0.000107 0.000664
10 3.229350 2.153080 1.982500 0.001038 -0.000097 0.000315
11 3.188950 2.178040 1.872990 0.001078 0.000164 0.000189
12 3.209710 2.386910 1.664190 0.000990 0.000733 0.000512
13 3.215390 2.199980 1.884320 0.001169 0.000806 0.000227
14 0.463110 -0.585246 0.180124 0.002157 -0.000000 -0.003377
15 3.900550 1.452660 2.225230 0.002774 -0.000522 -0.007150
16 3.533900 2.166920 2.217050 0.001688 -0.001458 -0.000695
17 3.440310 1.998780 2.149240 0.002485 -0.000458 -0.001718
18 3.778420 2.023000 2.104860 0.001701 -0.000998 -0.002628
19 3.744450 1.813520 2.147160 0.002163 -0.000647 -0.004987
20 3.653090 2.146080 1.979560 0.001857 -0.000454 -0.001466
21 0.545033 -0.540523 -0.093331 0.001182 0.000000 -0.004233
22 3.601730 2.398880 1.811740 0.001249 -0.000354 -0.000861
23 3.699030 2.511970 1.947530 0.001211 -0.000528 -0.000418
24 3.111680 2.643770 1.952570 0.001152 -0.000616 0.001779
25 3.722780 1.820760 1.803770 0.000275 -0.000511 -0.005490
26 3.073180 2.741910 1.896160 0.000902 -0.000313 0.001451
27 3.567870 2.192480 1.941460 0.001163 -0.000246 -0.002816
28 0.497698 -0.083652 -0.596421 -0.002386 0.001118 -0.003527
29 3.736550 2.131680 1.399430 -0.002656 0.000458 -0.003852
30 3.091520 2.845780 1.532930 -0.002203 0.000199 -0.000069
31 3.415380 2.628470 1.477420 -0.001685 0.000836 -0.001024
32 3.479460 2.667100 1.657310 -0.001281 0.000023 -0.001459
33 3.085170 2.857970 1.583120 -0.001313 0.000467 0.000945
34 3.755600 2.377410 1.516710 -0.001625 0.000570 -0.002190
35 3.618870 2.601290 1.241400 -0.002071 0.002392 -0.001239
