0 0.000000 0.000000 0.000000 0.000000 -0.000000 0.000000
1 3.151750 2.321040 1.885400 0.000704 -0.000069 0.001095
2 3.157180 2.255620 1.953730 0.000873 0.000223 0.000555
3 3.167200 2.228430 1.648840 -0.000050 0.000000 0.000649
4 3.160930 2.287780 1.883260 0.000754 0.000325 0.000711
5 3.218060 2.134980 2.071130 0.002027 0.000264 0.000000
6 3.228440 2.124620 2.055350 0.001760 -0.000000 0.000118
7 0.168372 -0.585602 0.650995 0.006911 0.000596 -0.000862
8 2.782800 2.430010 2.455930 0.005484 0.000106 0.002452
9 3.435920 2.283340 2.760400 0.007674 -0.000110 0.001269
10 3.230960 2.150960 2.576090 0.006303 -0.000055 0.002311
11 3.427960 2.042870 2.693030 0.007207 0.000240 0.000958
12 3.517380 2.009530 2.750590 0.006941 -0.000086 0.000228
13 3.507410 1.703170 2.712780 0.007599 0.000460 -0.002189
14 0.519943 -1.102160 0.876541 0.008795 -0.000000 -0.003791
15 3.058020 1.841660 2.888790 0.008108 -0.000979 -0.001300
16 3.281320 1.982850 2.764700 0.008154 0.000011 -0.000306
17 3.231880 1.932900 2.765890 0.007390 -0.001299 -0.000175
18 3.406780 2.068590 2.857550 0.008515 -0.000464 -0.000253
19 3.173350 1.791350 2.740050 0.007863 -0.000349 -0.000189
20 3.348690 1.989570 2.566780 0.006028 -0.002500 -0.000170
21 0.677294 -1.157070 0.671785 0.008486 0.000126 -0.005221
22 3.456150 2.018550 2.598080 0.007197 -0.001067 -0.001300
23 3.085970 2.189020 2.728400 0.007893 -0.000887 0.000065
24 2.790000 2.116640 2.590630 0.007071 -0.000757 0.001182
25 3.241460 1.818500 2.636970 0.007846 -0.000337 -0.001710
26 3.219940 2.000460 2.602160 0.007358 -0.000552 -0.001334
27 3.239910 1.831280 2.590730 0.007145 -0.000438 -0.001488
28 0.660727 -0.693540 0.062207 0.004231 0.001232 -0.004660
29 2.843730 2.551200 2.042400 0.003511 0.000521 0.001131
30 3.354670 2.332150 2.020420 0.002982 0.000375 -0.000628
31 3.123900 2.280400 2.072360 0.003924 0.000646 -0.000571
32 3.143080 2.494510 2.007870 0.003072 0.000323 0.000540
33 3.195630 2.162990 2.153090 0.004155 0.000355 -0.001106
34 3.121740 1.953160 2.084250 0.004166 0.000588 -0.002089
35 3.174540 2.314960 2.073430 0.003334 -0.000210 -0.000463
