0 -0.205379 -0.311146 0.832020 0.004611 -0.002368 -0.000000
1 3.005620 2.048200 2.748820 0.003675 -0.002727 0.001214
2 3.093500 2.049810 2.784370 0.004050 -0.002581 0.001017
3 3.138790 2.260970 2.644400 0.003848 -0.002194 0.001820
4 3.168230 2.292350 2.658740 0.003213 -0.002391 0.001898
5 3.166650 2.106640 2.909380 0.004679 -0.002843 0.001196
6 3.098720 2.152740 2.663580 0.003265 -0.002373 0.001379
7 0.000000 0.011997 -0.022005 -0.000171 -0.000000 0.000000
8 3.308150 2.219580 1.749960 -0.001255 0.000114 0.000510
9 3.407140 2.023300 1.941180 -0.000254 -0.000460 0.000000
10 3.390260 2.166250 1.837580 -0.000966 -0.000231 0.000928
11 3.398970 2.192060 1.795250 -0.000884 0.000106 0.000693
12 3.357860 2.102130 1.955010 -0.000734 -0.000928 -0.000146
13 3.470270 2.202590 1.838520 -0.000805 -0.000101 0.000000
14 -0.248388 -0.501478 0.949512 0.004300 -0.004439 -0.000836
15 3.136670 2.033730 2.829340 0.003817 -0.004123 0.000941
16 3.237290 1.803140 2.769050 0.003394 -0.004154 -0.000036
17 2.995740 2.299840 2.650370 0.002788 -0.003758 0.001972
18 3.072510 1.985530 2.711320 0.002779 -0.003970 0.000976
19 2.948450 2.129590 2.759330 0.002946 -0.004601 0.001452
20 3.053300 1.850340 2.698360 0.003462 -0.003448 0.000781
21 -0.229869 -0.594650 1.000070 0.003365 -0.005715 -0.003372
22 2.996480 1.932570 2.806410 0.002423 -0.005475 -0.002127
23 3.125630 2.165800 2.833030 0.002596 -0.005527 -0.000669
24 3.118460 2.092650 2.740120 0.001987 -0.005117 -0.001963
25 3.218920 1.893480 2.650030 0.001759 -0.004818 -0.001927
26 3.174700 1.755450 2.590700 0.000708 -0.004959 -0.002213
27 3.156200 1.961790 2.757840 0.002112 -0.005231 -0.002373
28 0.064202 -1.063690 0.447766 -0.000000 -0.006455 -0.007115
29 2.820830 2.060280 2.330930 -0.000897 -0.005519 -0.002741
30 3.041420 1.720740 2.414310 -0.000501 -0.005972 -0.004590
31 2.660310 1.895710 2.649640 -0.000356 -0.007584 -0.003623
32 3.329900 2.211080 2.467110 -0.000310 -0.006621 -0.001956
33 3.277720 1.584130 2.480630 0.000075 -0.006102 -0.004905
34 3.180820 1.598580 2.593540 0.000913 -0.006441 -0.005383
35 2.925800 1.886340 2.666260 0.000509 -0.006946 -0.002969
