0 0.000000 0.026849 -0.049002 -0.000381 -0.000000 0.000000
1 3.238710 2.196660 1.820470 -0.001319 -0.000419 0.000320
2 3.386690 2.233350 1.708360 -0.001627 0.000097 0.001190
3 3.418930 2.233380 1.796600 -0.001211 -0.000237 0.000958
4 3.374430 2.068060 1.784430 -0.001598 -0.000357 -0.000619
5 3.439830 2.018940 1.807900 -0.001215 -0.000030 -0.000188
6 3.348760 2.350190 1.578960 -0.002166 0.000802 0.001107
7 0.192313 0.344937 -0.828578 -0.004876 0.002163 0.000000
8 3.642610 2.866170 0.991225 -0.005889 0.002441 0.001029
9 3.489880 2.932090 0.997366 -0.005809 0.002317 0.001998
10 3.501750 2.980800 1.028680 -0.004770 0.002039 0.002098
11 3.428240 3.064050 0.852694 -0.006703 0.002204 0.001886
12 3.630800 2.741330 1.198570 -0.005258 0.001384 0.000915
13 2.816800 3.583700 1.071670 -0.005048 0.001804 0.005686
14 -0.256650 -0.118390 0.310989 -0.000006 -0.003143 -0.000000
15 2.991950 2.381990 2.134320 -0.001195 -0.003032 0.002158
16 3.195890 2.291030 2.046580 -0.001111 -0.002541 -0.000170
17 3.076560 2.495190 1.907140 -0.001343 -0.001656 0.001418
18 3.059460 2.319330 1.989800 -0.000595 -0.001729 0.001437
19 3.133650 2.329860 2.094260 -0.000877 -0.002742 0.000535
20 3.013210 2.433980 2.147000 -0.001548 -0.003714 0.002086
21 -0.094239 -0.253069 0.179407 -0.001155 -0.003367 -0.002968
22 3.346470 2.376570 2.041470 -0.001526 -0.002895 -0.001878
23 2.775700 3.024950 2.020240 -0.002159 -0.003219 0.002522
24 3.244010 2.364960 1.977000 -0.002708 -0.003485 -0.002287
25 3.308290 2.397140 1.965750 -0.002066 -0.002933 -0.002164
26 4.265550 1.175720 1.928150 -0.002541 -0.002930 -0.011797
27 3.342830 2.464910 1.960290 -0.001865 -0.003036 -0.001192
28 0.181935 -0.655139 -0.382256 -0.004727 -0.004072 -0.006415
29 2.879330 2.830500 1.494510 -0.006107 -0.003912 0.000049
30 3.673960 1.757680 1.497470 -0.005493 -0.004049 -0.005712
31 2.953210 2.411570 1.507650 -0.006120 -0.003879 -0.001548
32 3.017970 2.603510 1.699850 -0.005050 -0.004540 -0.001298
33 2.655840 3.148270 1.541950 -0.006028 -0.004080 0.002359
34 2.896610 2.114350 1.766310 -0.003904 -0.004843 -0.003375
35 2.833640 2.553300 1.526190 -0.004810 -0.003600 -0.001463
