0 0.059035 0.243217 0.390849 0.006530 0.004708 0.003187
1 3.771450 2.825870 2.074050 0.002605 0.002991 0.004848
2 3.745840 2.518230 2.392810 0.005679 0.003112 0.002151
3 3.732260 2.877990 1.777770 0.002347 0.002666 0.004090
4 3.583970 2.746400 2.297490 0.002437 -0.000762 0.004371
5 3.625810 2.778100 2.130190 -0.001113 -0.003847 0.002763
6 3.634660 2.463880 1.939140 -0.000729 -0.002889 0.000180
7 0.000000 -0.044485 0.078167 0.000640 -0.000000 0.000000
8 3.486250 2.029390 1.951330 0.001132 0.000473 -0.000128
9 3.493440 1.903950 1.961870 0.000336 -0.000084 -0.000653
10 3.581700 2.055540 1.929200 -0.000068 -0.000593 -0.000000
11 3.525860 1.935410 1.737090 0.000587 0.001593 -0.001196
12 3.477460 1.897830 2.077680 0.001080 -0.000000 -0.000864
13 3.454220 1.944430 2.191090 0.002810 0.000229 -0.001215
14 -0.006662 0.188766 0.392109 0.005145 0.003668 0.002581
15 3.587960 2.859100 1.853970 0.001446 0.003525 0.004210
16 3.545480 2.641580 2.106490 0.001655 0.001480 0.003640
17 3.705420 2.699710 2.213890 0.004221 0.002331 0.003684
18 3.532180 2.561130 2.094130 0.002009 0.001848 0.002592
19 3.910240 2.293020 1.914820 0.001662 0.002554 0.000109
20 3.737000 2.410230 2.139550 0.003825 0.003050 0.001811
21 0.229521 -0.040542 1.235310 0.009493 0.002626 -0.002087
22 3.385300 3.182180 1.897410 0.001023 -0.000388 0.002735
23 3.078750 3.191150 1.782780 -0.000678 -0.000568 0.005913
24 3.634950 2.696040 2.139810 -0.000477 -0.004220 -0.001180
25 2.998440 3.166440 1.928160 -0.001467 -0.003352 0.003877
26 3.194190 2.650460 1.846000 -0.000023 -0.003490 0.000057
27 3.298550 3.120130 1.670980 -0.002608 -0.000651 0.001971
28 3.338180 3.057530 1.306630 -0.003552 0.000940 0.003466
29 3.223450 2.834210 1.716730 -0.003345 -0.001851 0.001610
30 3.025220 3.291860 1.638930 -0.003785 -0.001471 0.004401
31 2.810630 3.175980 1.909000 -0.001477 -0.000606 0.002849
