0 -0.005847 0.007240 -0.033160 -0.000263 0.000026 0.000047
1 3.569090 1.860090 1.915340 -0.000913 -0.000637 -0.001133
2 3.525080 2.007230 1.812580 -0.000791 0.000114 -0.000272
3 3.512600 2.319610 1.837060 -0.000639 -0.000256 0.001679
4 3.580640 2.031090 1.809250 -0.000473 -0.000154 0.000254
5 3.519040 2.072140 1.901650 -0.000974 -0.001133 0.000788
6 3.485650 2.175820 1.826350 -0.001186 -0.001113 -0.000035
7 0.010626 -0.320852 -0.349531 -0.006326 -0.004816 -0.003669
8 3.468490 2.473920 1.341150 -0.007775 -0.004130 -0.000642
9 3.619880 2.229360 1.566530 -0.006620 -0.004487 -0.002312
10 3.437400 1.823440 1.487260 -0.007761 -0.005069 -0.005431
11 3.445410 1.820550 1.388230 -0.006974 -0.003624 -0.005416
12 3.374370 2.100270 1.506980 -0.007173 -0.004372 -0.002642
13 3.518410 2.493520 1.771430 -0.005231 -0.004352 -0.000854
14 -0.174272 -0.180804 0.147086 -0.002222 -0.002831 -0.001204
15 3.372440 2.062190 1.956280 -0.003542 -0.003033 -0.000916
16 3.136360 2.805210 1.966710 -0.003402 -0.003831 0.003227
17 3.404460 2.018290 2.133160 -0.002813 -0.003690 -0.001496
18 3.431960 2.101730 2.058200 -0.003240 -0.003404 -0.001232
19 3.411600 1.816860 2.055090 -0.003356 -0.003679 -0.001802
20 3.316810 2.060800 2.165270 -0.002244 -0.003630 -0.001433
21 0.187133 -0.217690 0.832815 0.002717 -0.002021 -0.005131
22 2.767640 3.208970 1.354950 -0.004623 -0.002066 0.003927
23 2.868300 2.673100 -0.356494 -0.006052 0.005093 0.003224
24 2.929690 2.972070 -0.055374 -0.002281 0.007716 0.000240
25 3.978960 1.666540 2.500510 0.002692 -0.000590 -0.005478
26 2.843450 3.157350 2.397700 -0.001473 -0.004547 0.001325
27 3.240560 2.729720 2.516710 0.001249 -0.002554 -0.001437
28 0.074482 -0.280593 1.558390 0.003061 -0.003991 -0.003914
29 3.290660 2.958980 1.209010 -0.006299 -0.003570 -0.001657
30 3.615770 2.468190 0.348018 -0.009815 -0.001683 -0.004420
31 3.630140 2.729500 0.772082 -0.008807 -0.004182 -0.001822
32 3.085910 3.321030 0.746728 -0.009470 -0.003385 0.001948
33 3.625000 2.314340 0.568034 -0.005195 -0.000881 -0.004604
34 4.079840 1.768230 0.997372 -0.008672 -0.001497 -0.010178
35 2.907580 3.700490 3.059760 0.002369 -0.003224 0.005218
