0 0.073898 -0.168039 -0.419765 -0.003692 0.000000 -0.003206
1 3.185260 2.177920 1.344690 -0.003590 0.001413 0.000072
2 2.684190 2.509150 1.734260 -0.002591 -0.000838 0.001743
3 2.994910 2.049230 1.534510 -0.003883 -0.000883 -0.000478
4 3.097910 1.832890 1.672300 -0.003396 -0.000393 -0.002679
5 3.046450 2.358570 1.713120 -0.003555 -0.001097 0.000380
6 3.123950 2.446250 1.560840 -0.003859 0.000015 0.001702
7 0.000620 0.000856 -0.007502 0.000000 -0.000000 0.000000
8 3.304510 2.055260 1.844970 -0.000173 0.000626 -0.000282
9 3.381100 1.822960 2.063970 0.000435 -0.000000 -0.000912
10 3.436180 1.903840 1.975480 -0.000503 -0.000437 -0.000887
11 3.476270 1.937720 1.972550 -0.000469 0.000000 -0.000374
12 3.355630 1.934990 1.932330 -0.001070 -0.000000 -0.000659
13 3.173900 1.986830 2.123430 0.000003 -0.000913 -0.000267
14 0.320990 -0.461800 0.555297 0.007893 0.002628 0.000000
15 3.853220 1.227520 2.514470 0.007702 0.002691 -0.002612
16 3.831890 1.252170 2.496870 0.006650 0.002256 -0.001361
17 3.689070 1.377710 2.467260 0.006849 0.001827 -0.000006
18 3.742530 1.543760 2.387860 0.006269 0.001872 0.000027
19 3.603670 1.413420 2.468860 0.006988 0.002474 -0.000721
20 3.753800 1.685250 2.513450 0.007290 0.002344 0.001417
21 0.015879 -0.015888 -0.131663 0.003006 0.001005 0.002354
22 3.535250 1.759280 1.798350 0.001487 0.000827 -0.000344
23 3.471690 1.778850 1.924340 0.002843 0.000809 0.000861
24 3.379250 1.851810 1.769360 0.002547 0.002053 0.000188
25 3.487390 1.783610 1.857120 0.001968 0.000996 0.000769
26 3.411110 1.795990 2.046970 0.003302 0.000536 0.000536
27 3.477330 1.668260 1.948310 0.002795 0.000624 -0.000952
28 0.024404 -0.175306 0.464414 0.008186 0.001606 0.003003
29 3.592950 1.406870 2.389200 0.007887 0.001734 -0.001181
30 3.701450 1.495910 2.650510 0.008813 0.001496 0.000425
31 3.701350 1.531810 2.412500 0.007304 0.001572 0.000618
32 3.766320 1.483030 2.472510 0.007530 0.001329 0.000540
33 3.756150 1.332890 2.358470 0.007817 0.002350 -0.001044
34 3.391090 1.341600 2.542350 0.007309 0.000871 -0.001406
35 3.434500 1.438840 2.423680 0.006964 0.001487 0.000590
