0 0.000000 0.000135 -0.000221 -0.000002 -0.000000 0.000000
1 3.414630 2.043810 2.022130 -0.000403 -0.000625 -0.000338
2 3.355060 1.957230 1.943660 -0.000630 -0.000199 0.000113
3 3.464210 1.766590 1.910860 -0.000596 0.000161 -0.001257
4 3.550230 2.006240 2.008060 -0.000165 -0.000000 0.000651
5 3.398960 2.002790 1.924080 -0.000416 0.000213 -0.000013
6 3.335260 1.827500 2.191960 0.002093 -0.000000 -0.000372
7 -0.116811 0.151661 0.478806 0.004216 0.000000 0.003442
8 3.775340 2.122300 2.436730 0.003429 0.000015 -0.000533
9 3.316660 2.263340 2.423370 0.003714 0.000293 0.001990
10 3.429910 2.265510 2.527620 0.003338 -0.000627 0.001176
11 3.363340 2.485890 2.314700 0.002971 0.000374 0.003745
12 3.608190 2.254210 2.506920 0.003557 -0.000451 0.001115
13 3.216250 2.554850 2.482080 0.003122 -0.000331 0.003324
14 0.127365 -0.198938 1.014970 0.010237 0.001108 0.002901
15 3.763500 1.387800 2.735350 0.008180 0.001631 -0.001249
16 3.933800 1.596280 2.790830 0.008490 0.001600 -0.000389
17 3.839710 1.527560 2.913200 0.008734 0.000735 -0.001760
18 3.731740 2.045280 2.679330 0.006477 0.000591 0.003271
19 3.554170 1.827550 2.700900 0.007734 0.001230 0.001991
20 4.048110 1.220530 2.746790 0.007580 0.001127 -0.003522
21 -0.088100 0.208953 0.266970 0.006051 0.000553 0.005355
22 3.410670 1.448350 2.265150 0.004586 0.000294 -0.003010
23 2.879980 1.816430 2.158340 0.004548 0.000485 0.001572
24 3.462910 2.175600 2.119400 0.004584 0.000898 0.002571
25 3.119580 1.890430 2.183970 0.004485 0.000337 0.002010
26 3.468630 2.132120 2.306000 0.005084 0.000144 0.003793
27 3.544290 2.068060 2.164750 0.004988 0.001156 0.002822
28 -0.180302 0.062925 0.911076 0.011350 0.000831 0.006465
29 3.011740 1.692760 2.662470 0.008125 0.000247 -0.000081
30 3.277120 1.817350 2.652220 0.009572 0.001828 0.002207
31 3.623620 1.584290 2.686250 0.008497 0.000597 -0.000075
32 3.466670 1.761220 2.788940 0.009678 0.000710 0.001674
33 3.365820 1.860760 2.825010 0.009773 0.000635 0.002231
34 2.851950 2.086930 2.641970 0.009735 0.001826 0.004625
35 3.203660 1.796770 2.674490 0.009300 0.001541 0.000857
