0 -0.070952 -0.270294 0.366096 0.003051 -0.000609 -0.000717
1 3.447250 1.875720 2.415350 0.001896 -0.001734 -0.000943
2 3.401710 2.152610 2.102340 0.000103 -0.001664 0.000105
3 3.321540 2.202250 2.221910 0.001995 -0.000076 0.000915
4 3.330880 1.964590 2.285960 0.001172 -0.001608 -0.000477
5 2.952960 2.481420 2.268810 0.001154 -0.001703 0.002886
6 3.466150 1.906810 2.256380 0.001598 -0.001314 -0.000917
7 0.000837 -0.010837 0.000972 0.000000 -0.000000 0.000000
8 3.562770 1.840440 2.030000 0.000169 -0.000473 -0.000790
9 3.454600 1.922550 2.119510 0.000692 -0.000819 -0.000560
10 3.519510 1.883460 1.943360 -0.000001 -0.000991 -0.000764
11 3.619420 1.689650 1.917290 -0.000079 0.000378 -0.001855
12 3.537320 1.912500 1.763190 -0.000563 0.000447 -0.000655
13 3.520720 1.821360 1.937290 -0.000630 -0.000463 -0.001239
14 0.126042 0.233581 -0.537246 -0.003206 0.001190 0.000000
15 3.823650 2.287480 1.446520 -0.003576 0.000764 0.000859
16 3.800800 2.018520 1.579300 -0.001564 0.001198 -0.001584
17 3.746530 2.233350 1.398890 -0.003820 0.000958 -0.001025
18 3.779530 2.143710 1.443030 -0.003452 0.000724 -0.001615
19 3.624150 2.207100 1.268570 -0.004129 0.001183 -0.000203
20 3.678600 2.133640 1.437490 -0.003426 0.000698 -0.000000
21 0.017709 0.611066 -1.049680 -0.005600 0.002390 0.001561
22 3.598900 2.769830 1.095560 -0.005677 0.001719 0.003042
23 3.669120 2.559680 1.017860 -0.005634 0.001919 0.001311
24 3.552910 2.900420 1.034050 -0.005812 0.001888 0.003038
25 3.524390 2.719020 0.847171 -0.005819 0.002390 0.002376
26 3.605630 2.564720 0.761100 -0.006098 0.002629 0.001637
27 3.611510 2.622630 0.967262 -0.006049 0.001866 0.000873
28 0.008885 0.730909 -1.164710 -0.006313 0.002733 0.001845
29 3.442820 2.510870 0.947862 -0.006507 0.001718 -0.000517
30 3.750380 2.901900 0.864529 -0.006394 0.002674 0.000907
31 3.517360 2.836140 0.787465 -0.006365 0.002533 0.001669
32 3.531560 2.958610 0.901560 -0.006165 0.002219 0.001839
33 3.541670 3.072520 0.890246 -0.006710 0.002034 0.002103
34 3.392360 2.699500 0.818432 -0.006562 0.002472 0.001750
35 3.588100 2.886920 0.873611 -0.006659 0.002551 0.001241
