0 0.000000 0.000000 0.000000 0.000000 -0.000000 0.000000
1 3.553890 1.808650 1.904990 -0.000465 -0.000369 -0.001435
2 3.496260 1.658380 1.767840 -0.001623 -0.000000 -0.001937
3 3.431360 2.055050 1.977120 -0.000831 -0.000857 0.000538
4 3.496270 1.944250 1.935540 -0.000872 -0.000353 -0.000417
5 3.563780 1.871160 1.968210 -0.000585 -0.000523 -0.000661
6 3.464860 1.919090 1.877640 -0.000295 0.000419 -0.000471
7 0.023717 0.331669 -0.456836 -0.003338 0.001025 0.001079
8 3.701710 2.355080 1.454160 -0.002959 0.001369 0.000488
9 3.685950 2.677080 1.446200 -0.004287 0.000951 0.000740
10 3.534640 2.176920 1.482970 -0.003802 0.001047 -0.000856
11 3.575250 2.476310 1.578270 -0.001920 0.001393 0.000625
12 3.527070 2.329240 1.547850 -0.003267 0.001008 0.000153
13 3.623390 2.460720 1.610670 -0.002982 0.000892 0.001181
14 -0.000164 0.522609 -0.688637 -0.005500 0.000786 0.001355
15 3.740200 2.506930 1.356490 -0.003554 0.001911 0.000825
16 3.637190 2.523910 0.989126 -0.006065 0.000677 0.000355
17 3.535770 2.794060 1.258650 -0.005622 0.000661 0.002598
18 3.871470 2.522850 -0.231424 -0.002441 0.011147 0.000850
19 3.592560 3.003800 1.359990 -0.004353 0.000837 0.004401
20 3.680760 2.496170 1.250220 -0.004942 0.000765 0.000170
21 -0.060500 0.860761 -1.268110 -0.007881 0.002503 0.002826
22 3.487690 2.772470 0.718517 -0.008203 0.002377 0.002135
23 3.548960 2.970310 0.881675 -0.007477 0.001682 0.003105
24 3.688440 2.560460 0.653666 -0.008212 0.002862 0.000013
25 3.539250 2.881300 0.754425 -0.007995 0.002160 0.003070
26 3.550360 2.840870 0.528356 -0.008032 0.003937 0.002784
27 3.435820 2.846450 0.702979 -0.007942 0.002555 0.001893
28 -0.031884 0.990462 -1.451380 -0.009061 0.002996 0.002858
29 3.563580 3.288240 0.553282 -0.009743 0.002771 0.003434
30 3.587390 3.033550 0.481313 -0.009164 0.002945 0.002454
31 3.457090 2.984550 0.693008 -0.008488 0.002496 0.002856
32 3.726710 2.667920 0.629063 -0.008835 0.002733 -0.000595
33 3.717190 2.976890 0.560472 -0.008547 0.003478 0.001475
34 3.549860 3.084800 0.616981 -0.009101 0.002554 0.003113
35 3.576170 2.551180 0.514949 -0.009095 0.002834 -0.000014
