0 0.098539 -2.852950 5.982400 0.042092 -0.005360 -0.002292
1 3.530270 0.741845 6.225770 0.028502 -0.005473 0.000587
2 3.639340 0.149568 6.107340 0.031622 -0.003059 -0.001292
3 3.112120 0.564561 6.435960 0.032748 -0.004269 0.001911
4 3.392700 0.573881 5.818570 0.028782 -0.003986 0.000743
5 2.924570 0.773841 5.994610 0.028681 -0.005191 0.001579
6 3.067820 0.849868 5.329980 0.027911 -0.000954 0.003023
7 0.173110 -1.599790 3.099990 0.027020 0.000555 -0.000000
8 3.624410 1.031440 4.576790 0.022692 0.000450 0.000181
9 3.595870 1.383940 4.424370 0.019998 -0.000967 0.002026
10 2.844120 1.991500 3.640290 0.016221 -0.000222 0.004646
11 2.881830 1.835310 3.920570 0.017860 -0.000101 0.004179
12 3.607020 1.324100 3.612410 0.015936 0.000101 -0.000387
13 2.556970 2.080510 4.176440 0.013281 -0.005510 0.004855
14 0.003685 -0.001991 -0.012598 0.000000 0.000050 0.000000
15 3.576600 2.048690 1.979980 0.000087 -0.000297 -0.001240
16 3.647140 1.876130 1.742930 -0.001041 0.000768 -0.003633
17 3.446500 1.998400 1.762510 -0.000973 0.000681 -0.001622
18 3.533870 2.039230 1.684480 -0.001169 0.001277 -0.002416
19 3.380800 2.022500 1.858330 -0.000057 0.000044 -0.001029
20 3.579200 1.916210 1.688870 -0.000979 0.001280 -0.002147
21 3.794950 2.045110 1.632150 -0.001656 0.000875 -0.002344
22 3.713950 2.082350 1.592210 -0.001534 0.001313 -0.001761
23 3.520420 2.096690 1.627910 -0.002044 0.000677 -0.000619
24 3.296850 2.121850 1.880440 0.000135 0.000664 0.000000
25 2.910230 2.163410 1.786650 -0.000048 0.001460 -0.000591
26 1.210830 -1.140350 -0.087753 0.006236 0.009102 -0.003307
27 4.035210 2.234720 1.868740 0.005174 0.007033 0.000744
28 4.388780 1.717970 1.793280 0.006046 0.008442 -0.001875
29 4.595460 1.453620 1.700710 0.004922 0.008056 -0.003368
30 4.405770 1.881430 1.736060 0.003885 0.007605 -0.000696
31 4.284900 1.798760 1.831800 0.004645 0.007675 -0.001734
32 4.371810 1.918520 1.750670 0.002805 0.006626 -0.000419
33 4.088270 2.132830 1.705400 0.004494 0.008193 0.001414
