0 -0.031041 -0.013024 0.068189 0.000162 -0.000414 0.000004
1 3.381460 2.223480 2.123010 0.000045 -0.000344 -0.000054
2 3.571600 2.115610 1.974480 -0.000015 0.000068 -0.000613
3 3.080590 2.326800 1.905120 -0.000989 -0.000253 0.001151
4 3.699540 1.939330 1.836320 -0.000750 0.000268 -0.001627
5 3.397960 2.139470 1.780920 -0.001198 0.000392 -0.001278
6 3.340340 2.028550 1.753150 -0.001731 0.000197 -0.001037
7 0.136313 1.320540 -2.861790 -0.015399 0.005742 0.001645
8 3.579090 3.302090 -0.732212 -0.014758 0.005779 0.000645
9 3.909980 3.137370 -0.731049 -0.015144 0.005491 -0.002036
10 3.459930 3.512380 -0.909592 -0.017268 0.005010 0.001958
11 3.881810 3.256160 -0.972804 -0.017265 0.005627 -0.000988
12 3.575700 3.738280 -0.997561 -0.017087 0.006027 0.003194
13 3.730240 3.420050 -1.065250 -0.018012 0.006059 -0.000490
14 -0.037858 3.139120 -5.952290 -0.042470 0.005780 0.002219
15 3.837620 4.732640 -3.304210 -0.030658 0.005489 0.001760
16 3.901960 4.372880 -3.043620 -0.029114 0.005992 -0.001264
17 4.072220 3.219990 -3.451780 -0.029500 0.008395 -0.006581
18 3.735540 4.219480 -3.017990 -0.029663 0.005287 -0.002226
19 3.935390 3.986800 -3.236880 -0.030882 0.005484 -0.004113
20 4.052770 3.418240 -2.926380 -0.028718 0.005961 -0.005145
21 1.077210 2.910800 -7.618570 -0.048949 0.013320 -0.003499
22 4.484840 4.655420 -4.404220 -0.035356 0.010687 -0.004098
23 4.724800 4.194090 -4.970300 -0.037350 0.011984 -0.007734
24 4.608460 4.553510 -4.567860 -0.035871 0.012290 -0.004368
25 4.615770 4.340940 -4.524740 -0.036130 0.010746 -0.004010
26 3.888640 1.942550 -0.280983 -0.009250 0.007434 -0.003328
27 3.934770 2.661300 -0.461235 -0.007378 0.010350 -0.002027
28 1.227490 1.974230 -6.120080 -0.036015 0.015423 -0.001217
29 3.625940 4.178730 -3.309690 -0.026306 0.012116 0.000595
30 4.393490 4.159850 -3.472910 -0.026600 0.013621 0.000657
31 4.502030 3.915990 -3.157640 -0.024053 0.013941 -0.000188
32 4.425380 3.840830 -2.995600 -0.024210 0.012165 0.000715
33 3.793850 3.892740 -3.387090 -0.026067 0.011733 0.000041
34 4.534080 3.632880 -3.294190 -0.025276 0.014030 -0.001211
35 4.350100 3.752560 -3.166750 -0.024771 0.013000 -0.001329
