0 -0.045568 0.028366 0.236180 0.003453 0.001569 0.001199
1 3.348500 2.272520 1.986830 0.002369 0.001731 0.001730
2 3.332460 2.318880 1.836870 0.002567 0.002049 0.002320
3 3.380980 2.152010 1.816570 0.002388 0.002218 0.001548
4 3.350010 2.192180 1.771280 0.002315 0.001835 0.001840
5 3.096200 2.297220 2.011710 0.002583 0.001290 0.002363
6 3.232970 2.285200 1.805600 0.002245 0.001860 0.001679
7 0.000000 0.000000 0.000000 0.000000 -0.000000 0.000000
8 3.251940 2.146430 1.748180 -0.000497 -0.000000 0.001063
9 3.211720 1.975750 1.758970 -0.000347 0.000447 -0.000000
10 3.210850 2.039250 1.853890 -0.000325 -0.000315 0.000819
11 3.112560 2.106030 1.627050 -0.000818 0.000281 0.001018
12 3.200490 2.015920 1.685410 -0.000721 0.000037 0.000000
13 3.082070 2.373230 1.858160 -0.000452 -0.000569 0.002478
14 -0.224367 0.051247 0.814244 0.000000 -0.003191 0.000000
15 3.220030 2.348720 2.352290 0.000056 -0.002626 0.000629
16 3.177560 2.277970 2.179130 0.000341 -0.002617 0.001136
17 2.953400 2.554520 2.284570 -0.000531 -0.002917 0.002397
18 3.075180 2.594140 1.955420 -0.000964 -0.001622 0.001679
19 3.186780 2.258600 2.121430 -0.001286 -0.003233 0.000013
20 3.119080 2.341520 2.331330 -0.001003 -0.002913 0.000349
21 -0.029868 0.408489 0.630137 -0.003177 -0.003328 -0.001705
22 3.159700 2.413830 1.159630 -0.000127 -0.002301 -0.000980
23 3.111710 2.556340 0.765257 -0.001838 -0.003230 0.000801
24 3.279410 2.481210 2.202670 0.003169 -0.004044 -0.000364
25 3.280670 2.463400 1.379010 -0.002868 -0.003645 -0.000677
26 3.156660 2.484720 2.486250 -0.001616 -0.007815 -0.000294
27 3.178850 2.516890 2.368350 0.000770 -0.005088 -0.000700
28 -0.462055 -0.159818 2.078720 0.001868 -0.009246 -0.002647
29 2.893990 1.944460 2.736570 0.006365 -0.004025 -0.001993
30 3.115710 1.632660 2.365270 0.003952 -0.002004 -0.004347
31 2.778080 2.096330 3.103800 0.003240 -0.007387 -0.001172
32 2.661060 1.927900 2.850260 0.003446 -0.005891 -0.002279
33 2.843770 2.116420 2.864010 0.002499 -0.005192 -0.001082
34 2.854710 2.041920 3.429980 0.002890 -0.006586 -0.001823
35 2.789080 1.974150 3.484250 0.003280 -0.007191 -0.002118
