0 0.000000 0.000000 0.000000 0.000000 -0.000000 0.000000
1 3.148870 2.200950 1.671110 -0.001100 -0.000000 0.001249
2 3.134550 2.030710 1.706540 -0.000298 -0.000182 -0.000000
3 3.342780 1.980120 1.635470 -0.000534 0.000229 -0.000205
4 3.167100 2.046130 1.795540 -0.000501 -0.000326 0.000780
5 3.156940 2.000080 1.845340 -0.000508 -0.000435 0.000000
6 3.249070 1.947380 1.576850 -0.000705 -0.000141 -0.000074
7 0.100406 -0.139814 -0.163421 -0.002659 -0.001246 -0.001540
8 3.221040 2.143170 1.718620 -0.002897 -0.001129 -0.000750
9 3.392300 2.066050 1.656650 -0.003001 -0.001080 -0.001262
10 3.380340 1.916550 1.590330 -0.003148 -0.001242 -0.001535
11 3.501540 1.987010 1.891590 -0.001569 -0.001690 -0.001034
12 3.403040 2.333950 1.712640 -0.002738 -0.000916 0.000283
13 3.320920 2.513550 1.796040 -0.002868 -0.002062 0.001181
14 -0.078055 -0.176938 0.652829 -0.001871 -0.003665 -0.001281
15 3.264500 2.164590 1.949200 -0.001310 -0.002706 -0.000134
16 3.208150 2.061000 2.216830 -0.001121 -0.004481 -0.000575
17 3.265780 2.339300 2.033190 -0.002680 -0.003289 0.001094
18 3.382770 2.254160 1.437820 -0.002100 -0.003036 0.000350
19 3.278490 2.145860 1.945760 -0.003135 -0.003068 0.000068
20 2.995240 2.370050 2.144910 -0.001435 -0.003541 0.000513
21 0.062218 0.272480 0.552780 -0.005574 -0.004994 -0.003124
22 3.295570 2.335940 1.969010 -0.002183 -0.007338 -0.002109
23 2.982580 2.283110 0.574777 -0.004649 -0.004783 -0.000470
24 3.198670 2.494780 1.553550 -0.001561 -0.005802 -0.001648
25 3.252080 2.361410 1.270050 -0.002572 -0.005664 -0.002069
26 3.199090 2.291640 2.506360 -0.001324 -0.007413 -0.001671
27 3.154710 2.505230 2.257780 0.000575 -0.006652 -0.001057
28 -0.408987 -0.243659 1.939080 -0.001381 -0.011351 -0.004030
29 3.008140 1.780020 2.242440 0.003624 -0.003308 -0.003441
30 3.398020 1.680110 2.208420 0.001927 -0.002258 -0.005238
31 2.837870 1.979600 2.898890 0.000184 -0.008845 -0.002660
32 3.116980 1.736220 2.796210 0.001863 -0.006283 -0.004206
33 2.972040 1.857910 2.279650 0.000240 -0.002501 -0.003823
34 3.213770 1.981740 2.599490 0.000962 -0.002727 -0.003172
35 2.966970 1.761510 3.272860 0.000938 -0.008391 -0.003784
