0 0.108595 0.131817 0.301200 0.003849 0.001871 0.000570
1 3.639280 1.988140 2.058860 0.002647 0.002323 -0.000329
2 3.566000 2.126650 2.161320 0.002946 0.001529 0.000770
3 3.370170 2.174830 2.152890 0.003101 0.001184 0.001519
4 3.567180 2.161240 2.218210 0.003856 0.001835 0.001238
5 3.545240 2.178300 2.092420 0.003178 0.001342 0.001246
6 0.000000 0.000000 0.000000 0.000000 -0.000000 0.000000
7 3.408670 1.912040 1.768070 -0.001232 -0.000035 -0.000489
8 3.341110 2.125230 1.734530 -0.001105 -0.000008 0.000844
9 3.377340 2.007280 1.764140 -0.000539 0.000530 0.000644
10 3.342500 2.244170 1.756150 -0.001196 0.000000 0.002018
11 3.283790 1.973220 1.773370 0.000062 0.001209 -0.000000
12 3.323440 1.997680 1.683750 -0.001115 0.000784 -0.000069
13 0.024031 -0.146684 -0.315981 -0.003731 -0.001730 -0.002060
14 3.326520 2.115510 1.516650 -0.003998 -0.000799 0.000695
15 3.413710 1.860490 1.453690 -0.004634 -0.001139 -0.001301
16 3.600320 1.655710 1.414660 -0.004315 -0.001125 -0.002420
17 3.344470 1.846300 1.658270 -0.004286 -0.002169 -0.002144
18 3.324600 1.861540 1.517740 -0.004769 -0.001458 -0.001083
19 3.614360 1.801880 1.561050 -0.004299 -0.001820 -0.002365
20 0.402403 0.247756 -1.602650 -0.010000 0.000710 -0.002036
21 3.701070 2.461270 0.572956 -0.009595 0.000105 -0.000120
22 3.775310 2.283530 0.386352 -0.010751 0.000886 -0.002314
23 3.803250 2.293300 0.532007 -0.009791 0.000729 -0.001602
24 3.848560 2.209230 0.556640 -0.009684 0.000244 -0.002486
25 3.846630 1.982180 0.546268 -0.010559 -0.000145 -0.003849
26 3.699640 2.365680 0.320077 -0.011259 0.001058 -0.002037
27 0.536173 0.072146 -1.748570 -0.012882 0.000506 -0.004230
28 3.619290 2.557600 0.369242 -0.012385 0.000394 -0.000608
29 3.677870 2.769270 0.381569 -0.012183 0.000563 0.000823
30 3.836140 2.531690 0.366668 -0.012468 0.000366 -0.000766
31 3.736300 2.451690 0.341764 -0.011761 0.001104 -0.001464
32 3.791600 2.390170 0.224690 -0.012951 0.000803 -0.000842
33 3.900940 2.251720 0.308439 -0.012384 0.000648 -0.002673
34 3.853830 2.406180 0.286343 -0.013274 0.000033 -0.002268
