0 0.000000 0.000000 0.000000 0.000000 -0.000000 0.000000
1 3.326450 2.009640 1.789630 -0.000608 0.000172 -0.000016
2 3.324010 2.041470 1.895070 -0.001010 -0.001001 0.000597
3 3.344530 2.028110 1.819410 -0.000626 0.000464 0.000543
4 3.270280 2.033270 1.640180 -0.001622 0.000818 0.000474
5 3.309300 1.961170 1.750400 -0.001547 0.000000 0.000020
6 3.284350 1.990390 1.789390 -0.000789 0.000430 0.000000
7 -0.156293 -0.140609 -0.184381 -0.003732 -0.002516 -0.000432
8 3.334240 2.115940 1.584730 -0.004995 -0.002079 0.000576
9 3.429980 2.410770 1.522650 -0.005274 -0.001424 0.002092
10 3.227260 2.125530 1.399430 -0.005428 -0.001276 0.000111
11 3.145090 2.607060 1.537410 -0.005120 -0.001602 0.002658
12 3.130140 2.433360 1.437740 -0.005697 -0.001222 0.001873
13 3.165920 2.482070 1.568000 -0.005473 -0.002312 0.002055
14 -0.021839 -0.215618 -0.649429 -0.007181 -0.002627 -0.002085
15 3.157650 2.069460 1.236880 -0.007175 -0.001739 -0.000861
16 3.447600 2.192970 1.278900 -0.006682 -0.001764 -0.000453
17 3.360240 2.111010 1.349470 -0.007309 -0.003165 -0.000483
18 3.369850 2.127910 1.181010 -0.008089 -0.001891 -0.000184
19 3.335650 1.997210 1.228620 -0.007804 -0.002414 -0.001671
20 3.555140 1.746680 1.076070 -0.008611 -0.001615 -0.002732
21 0.416551 0.096994 -2.045590 -0.014252 -0.000314 -0.003170
22 3.568440 2.687710 -0.069209 -0.015233 0.000209 -0.000110
23 3.352310 3.043770 0.083008 -0.014377 -0.000001 0.002180
24 3.251810 3.125990 0.135137 -0.013499 -0.000233 0.001942
25 3.834510 2.327540 0.119003 -0.014094 -0.000339 -0.002117
26 3.986830 2.346240 0.177157 -0.013251 -0.000314 -0.002031
27 3.684080 2.745190 -0.148725 -0.014615 0.001077 0.000016
28 0.344117 0.137460 -2.108160 -0.017593 -0.001367 -0.003822
29 3.441380 2.814990 -0.007935 -0.017624 -0.001659 -0.000855
30 3.737030 2.864240 -0.051780 -0.017176 -0.000948 -0.000046
31 3.618970 2.876510 -0.120453 -0.018344 -0.001257 0.000673
32 3.508020 2.832500 -0.163023 -0.018001 -0.000642 -0.000829
33 3.647800 2.475890 0.046725 -0.017291 -0.001790 -0.002583
34 3.736950 2.886420 -0.001852 -0.016675 -0.000893 0.000784
35 3.142020 3.279590 -0.100507 -0.017276 -0.000639 0.002232
