0 0.293446 -1.650430 2.809850 0.017579 0.009864 -0.005448
1 2.416550 0.611884 2.386910 0.015347 0.009818 -0.006572
2 2.495080 0.315324 2.649100 0.017018 0.009730 -0.006134
3 2.263580 0.794022 2.414100 0.015227 0.009658 -0.004954
4 2.507180 1.428630 -2.122860 -0.023816 0.007101 -0.006688
5 2.479760 1.549860 -2.021340 -0.022577 0.007503 -0.005678
6 2.536210 0.584538 -0.348223 -0.010780 0.006362 -0.007131
7 2.273260 0.171893 0.251738 -0.001462 0.006028 -0.005195
8 2.304300 0.801677 0.351975 -0.000558 0.007457 -0.004863
9 0.000000 0.000000 0.000000 0.000000 -0.000000 0.000000
10 3.448470 1.741640 1.854730 0.001091 0.000258 -0.001290
11 3.536300 1.946500 1.437270 -0.001271 0.001634 -0.000681
12 3.471460 2.162700 1.515780 -0.002119 0.000285 0.000642
13 3.432340 2.094700 1.607320 -0.001299 -0.000136 0.000204
14 3.506210 2.268370 1.586330 -0.001958 -0.000131 0.001858
15 3.487810 1.949370 1.601600 -0.002167 -0.000086 -0.000858
16 -0.330162 1.026000 -0.847642 -0.012214 -0.001290 0.000000
17 3.300450 2.680080 0.571124 -0.008407 0.000101 -0.001650
18 3.394820 2.700940 1.241240 -0.007425 -0.001671 -0.001136
19 3.740170 2.291940 1.287610 -0.006458 -0.001164 -0.004667
20 3.486230 2.417670 1.546500 -0.006408 -0.002513 -0.003963
21 3.236680 2.472620 1.413420 -0.005429 -0.001172 -0.000670
22 0.756463 0.219513 -4.094010 -0.019054 0.006120 -0.007108
23 -1.563000 6.564870 2.256530 0.007664 0.001172 0.040902
24 -1.439300 4.818710 4.230290 0.012020 -0.005123 0.028474
25 -1.423280 6.310500 2.847190 0.009393 0.003692 0.038509
26 -1.821230 4.607440 5.296780 0.016515 -0.007001 0.028604
27 -1.596870 5.088330 3.818650 0.017089 0.004068 0.036842
28 -1.912680 4.787880 5.460520 0.015857 -0.008592 0.027564
