0 0.000000 0.034420 -0.055689 -0.000460 -0.000000 0.000000
1 3.487830 1.918480 1.695530 -0.001027 0.000220 -0.000772
2 3.420310 2.023380 1.743070 -0.001900 -0.001400 -0.000002
3 3.485440 2.323940 1.879920 0.000349 -0.000801 0.001245
4 3.616830 2.032480 0.764574 -0.002178 0.000601 0.000020
5 3.473930 2.341280 1.259740 -0.002085 0.000495 0.001228
6 3.476290 1.987880 1.372490 -0.002734 0.000713 -0.000495
7 0.161978 3.157380 -6.345370 -0.057443 -0.012341 -0.004895
8 3.898450 2.672450 0.408036 -0.011591 -0.000806 -0.004285
9 3.489440 2.241480 0.866043 -0.011279 -0.004560 -0.005625
10 3.077470 3.067600 0.835750 -0.012945 -0.003636 -0.000611
11 3.499350 2.420000 -0.913342 -0.016219 -0.001696 -0.004617
12 3.593060 1.109890 2.623880 0.008972 -0.001969 -0.002005
13 3.289420 1.428880 3.284720 0.011905 -0.003682 -0.001160
14 -0.300746 1.656780 -2.756670 -0.017494 -0.009969 0.005455
15 0.064673 3.730180 -0.329543 -0.015482 -0.009672 0.005811
16 0.272752 3.792160 -0.748098 -0.017532 -0.009864 0.005020
17 0.064402 3.904670 -0.992893 -0.018605 -0.009446 0.005469
18 0.261273 3.679000 -0.869318 -0.018223 -0.009285 0.004572
19 0.131045 3.596030 -0.987255 -0.018845 -0.009231 0.004940
20 0.137277 3.654920 -0.672533 -0.017875 -0.010443 0.004226
21 -0.611888 2.655460 -3.532720 -0.029272 -0.011234 0.005537
22 -0.074049 4.022790 -1.631130 -0.029043 -0.011564 0.001300
23 1.953300 4.280390 -0.868050 -0.025549 -0.010621 0.002769
24 -0.035817 4.507460 -1.658550 -0.028993 -0.010745 0.004549
25 0.063598 2.570660 -1.555530 -0.028303 -0.010976 -0.001127
26 2.135340 2.851720 1.427630 -0.007913 -0.009460 0.003901
27 0.095606 4.410660 -1.660840 -0.028825 -0.010111 0.002013
28 0.585099 1.847440 -6.867460 -0.035881 -0.002931 -0.002078
29 3.470650 3.739430 0.977839 -0.009667 -0.004921 0.001526
30 -1.123500 4.900760 4.081370 0.010801 -0.007921 0.024063
31 -1.242800 5.592090 3.949540 0.011519 -0.006546 0.030241
32 -1.520550 5.740840 3.784880 0.009766 -0.006221 0.031419
33 -1.805180 6.436460 3.966990 0.011346 -0.007195 0.039281
34 -1.687580 6.265920 3.595290 0.010784 -0.005347 0.037548
35 -2.072890 6.217780 4.242610 0.013253 -0.006375 0.037240
