0 0.071600 0.222594 -0.191386 0.001001 0.001376 0.001695
1 3.878930 2.244280 1.548420 0.000148 0.002445 0.001036
2 3.819800 2.253420 1.340530 -0.001480 0.001065 0.001152
3 3.772320 2.425410 1.482700 -0.001031 0.001379 0.001721
4 3.769700 2.288840 1.506770 -0.000766 0.001386 0.001427
5 3.768980 2.383370 1.312350 -0.001914 0.001449 0.001461
6 3.855590 2.279690 1.536320 -0.000451 0.001505 0.001427
7 0.000000 0.000000 0.000000 0.000000 -0.000000 0.000000
8 3.720110 1.938160 2.072380 0.000874 -0.000766 -0.000906
9 3.565870 1.916560 1.946240 0.000482 -0.000564 -0.000585
10 3.642400 1.953800 1.999590 0.000815 -0.000852 -0.000542
11 3.590180 1.938140 1.934090 0.000509 -0.000000 -0.000532
12 3.702750 1.824460 1.962150 0.000928 -0.000227 -0.001011
13 3.503150 2.000450 1.961650 0.000731 0.000000 -0.000710
14 0.026658 -0.202645 0.560724 0.002410 -0.001028 0.000000
15 3.606280 1.915510 1.649340 0.001251 0.001358 -0.001761
16 3.633810 1.968020 1.634050 -0.001846 -0.000882 -0.000792
17 3.711490 2.164900 1.864850 -0.000348 -0.000297 -0.000304
18 3.767160 2.058000 1.750790 0.000724 0.000029 -0.000673
19 3.686480 1.999860 1.908100 -0.001274 -0.001734 -0.000590
20 3.547290 1.949850 2.021290 0.000026 -0.000843 -0.000230
21 0.079878 0.003475 0.593720 0.003503 -0.000000 0.000000
22 3.849620 2.007730 1.823020 0.001571 0.001391 -0.002070
23 3.759190 2.122930 1.731310 0.000894 0.000676 -0.000475
24 3.783880 2.163500 2.002140 0.000901 0.000152 -0.000441
25 3.880630 2.381520 2.010340 0.000482 0.000053 0.000190
26 3.864090 2.123740 2.143620 0.002406 0.000588 -0.000568
27 3.860370 2.275800 1.895010 0.000616 0.000452 -0.001056
28 0.066061 -0.229394 0.755449 0.004702 0.000000 0.000807
29 3.862390 1.917480 2.187440 0.002161 -0.000049 -0.000483
30 3.823800 2.048960 1.913450 0.001633 0.000875 -0.000142
31 3.838810 1.926200 2.380660 0.002770 -0.000213 0.000035
32 3.729830 1.909390 1.684780 0.000075 0.000568 -0.000694
33 3.725660 2.060310 1.784280 0.000666 0.000912 -0.000472
34 3.806750 1.923720 2.086990 0.001604 0.000105 -0.000043
35 3.878820 1.939770 2.260920 0.002885 0.000487 -0.000237
