0 0.000000 0.000000 0.000000 0.000000 -0.000000 0.000000
1 3.471380 1.986350 1.973800 0.000637 -0.000406 -0.000000
2 3.646680 1.904400 1.756050 0.000980 0.001317 -0.001039
3 3.523330 1.988660 2.105920 0.001291 -0.000640 -0.000000
4 3.638610 1.800400 2.017500 0.001091 -0.000280 -0.001226
5 3.677260 1.794170 1.758660 0.000009 0.000562 -0.001616
6 3.533730 1.970320 1.816060 0.000663 0.000402 0.000000
7 -0.068795 -0.222160 0.197006 -0.000759 -0.001050 -0.001521
8 3.671820 1.827730 2.240220 0.000904 -0.001069 -0.002351
9 3.694800 1.845730 2.315830 0.001242 -0.002165 -0.003491
10 3.468990 2.062750 2.168290 -0.000193 -0.001186 -0.001135
11 3.582770 1.876000 2.150930 0.000672 -0.000982 -0.002225
12 3.466220 1.914620 2.295590 0.001363 -0.001481 -0.002065
13 3.615340 1.892460 2.257170 0.000422 -0.001850 -0.003186
14 -0.010935 -0.383306 0.700515 0.001019 -0.002216 -0.001863
15 3.692480 1.737670 2.085410 0.001199 -0.001181 -0.002987
16 3.593780 1.928700 2.331870 0.000157 -0.002575 -0.001735
17 3.656150 1.869290 2.295650 0.000588 -0.001904 -0.002724
18 3.641330 1.758310 2.328950 -0.000578 -0.002358 -0.003611
19 3.566320 1.966780 2.526060 0.000497 -0.003038 -0.001901
20 3.592100 1.744820 2.523840 0.000890 -0.002590 -0.002597
21 -0.004609 -0.235449 0.863679 0.001851 -0.002385 -0.002283
22 3.710640 1.871700 2.288560 0.001296 -0.001936 -0.003590
23 3.584190 2.069060 2.039620 0.000954 -0.000861 -0.002213
24 3.665210 1.942050 2.326070 0.000957 -0.002461 -0.003291
25 3.644500 2.168010 1.903820 -0.000862 -0.003687 -0.003063
26 3.643430 1.890300 2.698970 0.004127 -0.002373 -0.003067
27 3.608610 1.897970 2.305400 0.001318 -0.002098 -0.004005
28 -0.014096 -0.486140 1.038090 0.003538 -0.002111 -0.001435
29 3.495790 1.473680 2.600830 0.001948 -0.002964 -0.003616
30 3.568720 1.662940 2.468970 0.002242 -0.001856 -0.002885
31 3.652260 1.609260 2.640140 0.002317 -0.002370 -0.002152
32 3.636900 1.452400 2.526880 0.002386 -0.002053 -0.003813
33 3.708980 1.719150 2.537500 0.001384 -0.002160 -0.002709
34 3.687770 1.552200 2.412450 0.001110 -0.001607 -0.003417
35 3.751580 1.487170 2.596450 0.002694 -0.001888 -0.003893
