0 -0.017285 0.240824 -0.095862 -0.000503 0.001189 0.000691
1 3.309410 2.394200 1.809340 -0.001410 0.001226 0.000633
2 3.292660 2.295690 1.903930 -0.000342 0.001189 0.000936
3 3.345290 2.345450 1.893430 -0.000966 0.000690 0.000670
4 3.367110 2.215170 1.902660 -0.000591 0.000926 -0.000581
5 3.429040 2.442830 1.729870 -0.001237 0.001745 -0.000186
6 3.177530 2.449140 1.939230 -0.000664 0.000466 0.000175
7 -0.001849 -0.010424 -0.032706 0.000000 -0.000000 0.000000
8 3.318250 2.009530 1.902750 -0.000470 -0.000565 -0.000000
9 3.382730 1.987740 1.452220 0.000929 0.002365 0.000328
10 3.303910 2.192840 1.751410 -0.000802 0.000561 0.001045
11 3.311710 2.001850 1.858840 -0.000319 0.000248 0.000000
12 3.429560 2.011570 1.889100 -0.000418 -0.000111 -0.000000
13 3.167000 2.250300 1.821190 0.000117 0.000629 0.001142
14 0.000000 0.282561 -0.342516 -0.003530 -0.000000 0.000000
15 3.334200 2.140830 1.602520 -0.003527 0.000201 -0.002238
16 3.429300 2.004690 1.544000 -0.004198 -0.000046 -0.003760
17 3.367550 2.347580 1.403180 -0.005369 0.000308 -0.000826
18 3.388720 2.199860 1.465110 -0.004681 0.000182 -0.002102
19 3.592760 1.972880 1.427710 -0.004714 0.000453 -0.004038
20 3.363320 2.396130 1.641670 -0.003001 0.000124 -0.000119
21 0.648141 0.183313 -1.320460 -0.005263 0.007051 -0.001511
22 3.402410 2.662850 1.282790 0.000725 0.003228 0.001607
23 3.943170 2.685060 1.203780 -0.000804 0.004437 0.000917
24 3.719360 2.800890 0.801373 -0.004350 0.006244 0.002861
25 3.852690 2.549010 0.859129 -0.004551 0.006143 0.000349
26 4.004180 2.353360 0.700822 -0.005353 0.006742 -0.001697
27 3.481490 2.446730 1.415950 0.000799 0.003300 0.001654
28 0.526245 0.107090 -1.189940 -0.006580 0.005010 -0.002533
29 3.801170 2.153400 0.634943 -0.005973 0.006488 -0.003637
30 3.974960 1.835090 0.989891 0.000713 0.006772 -0.004737
31 3.877170 2.233070 1.156730 0.000358 0.005041 -0.001853
32 3.674080 2.364610 1.222620 -0.001539 0.004611 -0.001493
33 3.889500 2.479700 0.660323 -0.007928 0.004668 -0.001974
34 4.057120 2.224520 1.388400 0.000759 0.003666 -0.002065
35 3.774850 2.248840 1.247450 -0.001757 0.002619 -0.001894
