0 0.000000 0.011604 -0.019285 -0.000165 -0.000000 0.000000
1 3.132980 2.126130 1.933990 -0.000270 -0.000210 0.000951
2 3.221120 1.982570 1.987840 -0.000403 -0.000525 -0.000546
3 3.354950 2.148850 1.848690 -0.000694 0.000002 0.000665
4 3.301820 2.025610 2.008030 -0.000141 -0.001020 -0.000370
5 3.414250 2.024700 1.639430 -0.000417 0.001835 0.000000
6 3.141100 2.078940 1.944730 -0.000796 -0.000865 0.000082
7 0.040565 -0.333844 0.298128 0.001495 -0.001359 -0.000902
8 3.489120 1.965860 2.046600 -0.000621 -0.001382 -0.001071
9 3.397060 2.237310 2.052550 -0.000099 -0.000988 0.000439
10 3.416470 2.445660 2.089730 -0.000423 -0.001290 0.001872
11 3.301860 2.337710 2.057430 0.000143 -0.000846 0.001759
12 3.261200 2.277810 2.035110 -0.000087 -0.000670 0.002293
13 3.066020 2.808280 2.024850 -0.000664 -0.001218 0.003544
14 0.096331 0.033448 -0.186290 -0.002930 -0.001046 -0.001310
15 3.713460 1.944590 1.681590 -0.003703 -0.001140 -0.004005
16 3.367770 2.293240 1.652530 -0.004612 -0.001469 -0.001272
17 3.711920 2.159780 1.770760 -0.003415 -0.001320 -0.001663
18 3.912920 2.008060 1.530530 -0.004953 -0.000745 -0.005165
19 3.698130 1.846820 1.584500 -0.004578 -0.000649 -0.006161
20 3.428340 2.746700 1.501950 -0.004949 -0.000419 0.002273
21 0.671260 0.036866 -1.248340 -0.005397 0.006194 -0.002011
22 3.200890 3.165780 0.951478 -0.003062 0.005952 0.003983
23 3.677670 2.996700 0.711051 -0.006307 0.005625 0.001763
24 3.339440 3.132170 0.755918 -0.005726 0.005228 0.002972
25 3.292910 3.069990 0.663682 -0.006478 0.005737 0.002739
26 3.372100 3.546160 0.799786 -0.005137 0.006068 0.005869
27 3.795490 2.847450 0.912132 -0.004835 0.005088 0.001124
28 0.608090 -0.111190 -1.075860 -0.006183 0.004138 -0.003508
29 3.793940 2.052930 0.741282 -0.006793 0.004679 -0.003425
30 3.711820 2.715700 0.922975 -0.005586 0.004300 0.000215
31 4.105780 2.640520 0.738545 -0.006474 0.004350 -0.000709
32 3.833350 2.064160 0.918739 -0.006216 0.003443 -0.003390
33 3.278790 3.060370 0.916564 -0.006426 0.003725 0.001327
34 3.879610 2.337000 0.774214 -0.007293 0.003956 -0.003260
35 4.031570 2.205810 0.920045 -0.006746 0.003472 -0.003524
