0 -0.073161 -0.352308 0.817899 0.006155 -0.000755 -0.000522
1 3.933370 1.598820 2.674260 0.005277 -0.001032 -0.007305
2 3.692140 2.196640 2.675210 0.005306 -0.001233 -0.002297
3 3.728750 1.855970 2.628830 0.005397 -0.000508 -0.003512
4 3.385620 2.235650 2.825330 0.005852 -0.001486 -0.000948
5 3.586220 2.440330 2.672640 0.005361 -0.001097 -0.000761
6 3.841630 1.998150 2.459050 0.004259 -0.000891 -0.004508
7 -0.000013 -0.000154 -0.000236 0.000000 -0.000000 0.000000
8 3.775990 2.185580 1.970110 0.000526 -0.000000 -0.001556
9 3.708250 2.199270 2.038830 0.000660 -0.000198 -0.002017
10 3.507960 2.306690 1.995060 0.000628 -0.000000 -0.000000
11 3.589240 2.187540 2.005300 0.001024 -0.000123 -0.001648
12 3.602700 2.240450 1.887140 0.000009 0.000437 -0.001097
13 3.517330 2.218100 2.067890 0.000812 -0.000459 -0.001257
14 0.159405 -0.044398 -0.414920 -0.001325 0.002019 0.000000
15 3.906840 2.436240 1.627900 -0.001284 0.001594 -0.000787
16 3.881930 2.281720 1.714550 -0.000782 0.001077 -0.001240
17 4.020170 2.138230 1.597230 -0.000841 0.002084 -0.002476
18 3.944870 2.357600 1.625890 -0.000916 0.001821 -0.001015
19 4.129300 2.152450 1.513900 -0.001444 0.002411 -0.003526
20 4.033010 2.374360 1.571840 -0.001138 0.001934 -0.001168
21 0.213159 0.310266 -0.604838 -0.002527 0.002120 -0.000000
22 3.716300 2.718870 1.441240 -0.001928 0.002415 -0.001984
23 4.086810 2.431570 1.363760 -0.002424 0.002465 -0.003698
24 4.143600 2.476400 1.391470 -0.002222 0.002633 -0.002886
25 3.815880 2.741080 1.386280 -0.002024 0.002649 -0.000615
26 3.928560 2.593350 1.469180 -0.001664 0.002477 -0.001971
27 3.992350 2.560640 1.644630 -0.000843 0.002232 -0.002025
28 0.250932 0.196919 -0.908630 -0.004228 0.002720 0.000000
29 3.960720 2.494820 1.271820 -0.003039 0.002294 -0.002326
30 4.266890 2.421690 1.134380 -0.003031 0.003068 -0.003144
31 4.029510 2.569250 1.202280 -0.003219 0.002740 -0.000883
32 3.953520 2.262800 1.252940 -0.003010 0.002383 -0.002575
33 4.003150 2.475450 1.251610 -0.003258 0.002103 -0.002140
34 3.972690 2.711010 1.323830 -0.002926 0.001982 -0.000473
35 4.311600 2.312160 1.248250 -0.003455 0.002264 -0.003385
