0 0.000000 -0.004542 0.008770 0.000066 -0.000000 0.000000
1 3.564300 2.218410 1.979310 0.000547 0.000116 -0.001323
2 3.870400 2.104680 1.975090 0.000542 0.000035 -0.002003
3 3.672990 2.201910 2.030110 0.000657 0.000000 -0.001828
4 3.593740 2.234090 1.987060 0.000580 0.000131 -0.000705
5 3.759570 2.240720 1.993480 0.000008 -0.000127 -0.001654
6 3.557330 2.120940 1.953760 0.000092 -0.000376 -0.001638
7 0.025858 0.407849 -0.826486 -0.006461 0.000534 0.000762
8 3.916110 2.511050 1.141760 -0.005499 0.001240 -0.002105
9 3.598590 2.724700 1.181850 -0.005523 0.000499 -0.001563
10 3.595750 2.695510 1.149960 -0.006085 0.000643 -0.000527
11 4.114830 2.438890 1.186600 -0.005373 0.000714 -0.003464
12 3.695830 2.689900 1.219860 -0.005615 0.000550 -0.001058
13 3.675130 2.695180 1.254470 -0.005475 0.000486 -0.000549
14 0.149530 0.235338 -0.898962 -0.006657 0.000972 0.000060
15 3.859800 2.572070 1.249740 -0.005208 0.000672 -0.000597
16 3.661600 2.780100 1.118360 -0.006156 0.000900 0.000919
17 3.664330 2.611320 1.275990 -0.005245 0.000490 -0.000590
18 3.814140 2.700740 1.116340 -0.006060 0.001165 -0.000877
19 3.898600 2.580800 1.041010 -0.005943 0.001276 -0.001015
20 3.768090 2.745540 1.131690 -0.005923 0.000804 -0.000366
21 0.147850 0.607513 -1.188850 -0.007922 0.001887 0.000842
22 3.877210 2.987230 0.711473 -0.007515 0.002108 -0.000551
23 3.895010 2.488510 1.063590 -0.006117 0.001924 -0.003168
24 3.759580 2.641100 0.672087 0.000052 0.001581 -0.001458
25 3.751170 2.486170 0.828570 -0.007114 0.002206 -0.003177
26 4.055380 2.709580 0.870495 -0.007247 0.002059 -0.003193
27 3.813710 2.818190 1.054000 -0.006156 0.001735 -0.001398
28 0.160005 0.496227 -1.364940 -0.008902 0.002162 0.000834
29 3.943510 2.724730 0.857511 -0.007110 0.001811 -0.001863
30 4.008840 2.677590 0.877984 -0.007203 0.001913 -0.001713
31 3.973630 2.960440 0.823383 -0.007143 0.002120 0.000622
32 4.155790 2.546560 0.694977 -0.007316 0.001665 -0.003589
33 4.210380 2.520390 0.708873 -0.008193 0.002107 -0.002697
34 3.938830 2.987450 0.793307 -0.007118 0.002283 0.000560
35 4.040810 2.585810 0.825053 -0.007301 0.002016 -0.001542
