0 0.116273 -0.167507 0.032749 0.005664 0.003198 0.001538
1 3.787860 2.016540 1.782820 0.003942 0.002818 0.001305
2 3.902900 1.696650 1.725250 0.004243 0.003649 -0.001314
3 3.793820 1.937820 1.828060 0.003898 0.002781 -0.000197
4 3.886870 1.847820 1.834760 0.003742 0.002456 -0.001170
5 3.968320 1.801530 1.772860 0.003779 0.002803 -0.003338
6 3.764010 1.775150 1.820960 0.003940 0.002851 -0.001703
7 0.000443 -0.010128 -0.022724 0.000000 -0.000000 0.000000
8 3.532980 2.040300 1.705420 -0.000366 0.000283 -0.000729
9 3.519420 2.012320 1.742400 -0.000214 -0.000475 -0.000592
10 3.435130 2.018740 1.472500 -0.000063 0.000651 -0.000175
11 3.539230 1.907970 1.715220 -0.000552 -0.000367 -0.001556
12 3.445280 1.958040 1.641650 -0.000871 -0.000063 -0.000000
13 3.513790 2.120070 1.586860 -0.000795 0.000630 -0.000000
14 0.220230 0.576643 -1.538480 -0.007708 0.003100 0.000899
15 3.722460 2.467110 0.587799 -0.007434 0.001712 -0.000361
16 3.757100 2.395990 0.582938 -0.006544 0.002411 -0.000785
17 3.657580 2.741720 0.674677 -0.005339 0.002782 0.001593
18 3.685000 2.525510 0.936984 -0.003405 0.001374 0.001185
19 3.696050 2.866520 0.505052 -0.007141 0.002678 0.003018
20 3.863430 2.662180 0.556888 -0.006657 0.002430 0.001914
21 -0.016327 0.781642 -1.611280 -0.004495 0.004224 0.005750
22 3.580810 2.677700 0.444797 -0.004684 0.003436 0.003562
23 3.583580 2.669300 0.462101 -0.004608 0.003314 0.003774
24 3.900180 2.365410 0.506084 -0.004330 0.002901 -0.000204
25 3.361110 2.623900 0.372846 -0.004992 0.003409 0.002261
26 3.702980 2.616080 0.446206 -0.005243 0.003035 0.002612
27 3.621550 2.635800 0.485062 -0.004221 0.003174 0.001930
28 0.005590 0.639813 -1.452680 -0.002884 0.003509 0.005566
29 3.570930 2.579150 0.562234 -0.003541 0.002760 0.002971
30 3.605570 2.679290 0.598945 -0.003452 0.002711 0.003933
31 3.861590 2.418030 0.540559 -0.003869 0.002554 0.001574
32 3.732210 2.718930 0.569923 -0.004028 0.002494 0.004860
33 3.609440 2.700820 0.603880 -0.003015 0.002559 0.005104
34 3.414700 2.594250 0.881043 0.000083 0.002901 0.004768
35 2.575710 3.160120 1.246030 0.001054 -0.000409 0.009771
