0 0.000000 0.031491 -0.057990 -0.000462 -0.000000 0.000000
1 3.378680 2.053460 1.740750 -0.001003 0.000080 -0.000056
2 3.508470 1.931390 1.668830 -0.000881 0.000527 -0.000947
3 3.484110 1.947260 1.719900 -0.001548 -0.000436 -0.001480
4 3.425670 1.943690 1.689950 -0.001474 -0.000263 -0.000885
5 3.425030 1.926610 1.741920 -0.001520 -0.000552 -0.001734
6 3.574080 1.899400 1.634770 -0.002127 -0.000181 -0.001097
7 -0.089181 0.112613 -0.008269 -0.005437 -0.003298 -0.001851
8 3.552460 2.358510 1.646720 -0.003914 -0.002612 -0.000873
9 3.230590 2.491110 1.569270 -0.002696 -0.000651 0.000031
10 3.611580 2.125640 1.395430 -0.004762 -0.002067 -0.001538
11 3.393630 2.475370 1.741700 -0.004822 -0.002609 0.000329
12 3.485890 2.074170 1.168500 -0.005664 -0.001933 -0.002312
13 2.894450 2.619020 1.188390 -0.006031 -0.002541 0.000819
14 0.142838 0.768697 -1.657200 -0.013892 -0.000000 -0.000840
15 3.730400 2.581150 0.663103 -0.007327 -0.000874 -0.001054
16 3.580330 2.992800 0.377664 -0.012251 0.000165 0.000805
17 3.781590 2.430700 0.754332 -0.003765 0.000080 -0.001149
18 3.618690 2.369820 0.717372 -0.003979 0.000153 -0.000889
19 3.666990 2.713820 0.418892 -0.005499 -0.000094 0.000066
20 3.418050 2.738610 0.206156 -0.006579 -0.001122 0.001167
21 -0.041500 0.805250 -1.590680 -0.009718 0.000892 0.003284
22 3.566500 2.619320 0.842772 -0.006921 -0.001021 0.001457
23 3.464800 2.529010 0.544530 -0.008076 0.000575 0.000704
24 3.573560 2.652820 0.472346 -0.009084 0.000187 0.000708
25 3.381460 2.637370 0.390671 -0.009371 0.000572 0.001107
26 3.464490 2.570970 0.518336 -0.008891 0.000076 -0.000179
27 3.393840 2.672750 0.466749 -0.009439 0.000537 0.000229
28 -0.090019 0.756673 -1.488580 -0.008902 -0.000000 0.003417
29 3.282940 2.872470 0.613058 -0.008981 -0.001108 0.003735
30 3.560820 2.940360 0.341962 -0.010000 -0.000136 0.003860
31 3.512730 3.059690 0.523211 -0.008785 -0.000316 0.004741
32 3.547830 2.814390 0.420433 -0.009322 -0.000033 0.003861
33 3.199510 3.030010 0.700404 -0.007611 -0.001342 0.005807
34 3.400580 2.629600 1.183300 -0.002047 -0.001628 0.003240
35 3.286090 2.972050 0.932017 -0.002734 -0.000631 0.005379
