0 3.444230 1.904210 1.705870 -0.000362 -0.000277 -0.002422
1 2.928280 2.291320 1.662720 -0.000745 -0.000068 -0.000000
2 3.303150 2.091340 1.749150 0.000022 -0.000650 -0.001019
3 3.384200 2.170240 1.870140 -0.000869 -0.000918 -0.000703
4 3.321660 2.121280 1.672010 -0.000965 0.000082 -0.000484
5 0.001116 0.000304 -0.003191 0.000000 -0.000000 0.000000
6 3.434120 2.177550 1.798970 -0.001257 -0.000363 -0.000846
7 3.523350 2.012800 1.778620 -0.000648 0.000039 -0.001288
8 3.243890 2.346860 1.695870 -0.000740 0.000118 0.000831
9 2.917430 2.266980 1.726770 -0.001023 0.000275 0.000000
10 3.074930 2.387370 1.930090 0.000003 -0.000263 0.000764
11 -0.207973 0.643299 0.000818 -0.003794 -0.000000 0.002083
12 3.664960 2.262550 0.720389 0.002452 0.004654 -0.001708
13 3.468770 2.612870 0.000581 -0.004020 -0.000313 0.000313
14 3.327780 2.503910 1.796420 0.004140 0.001630 -0.000031
15 3.340400 2.603250 0.781682 0.002402 0.003651 0.001500
16 3.588180 2.731790 0.452906 0.001247 0.008057 0.001785
17 3.478940 2.625070 -0.123063 -0.004244 0.000359 0.000003
18 3.499160 2.439320 0.387487 0.000980 0.003399 -0.001019
19 2.524400 3.110720 2.218850 -0.000413 -0.006940 0.003702
20 3.032000 2.819380 2.254050 0.005006 -0.001155 0.002032
21 3.107240 3.029940 -0.108749 -0.003532 0.000692 0.002885
22 2.449520 3.420980 -0.062368 -0.004130 -0.000135 0.005756
23 -0.355417 0.050225 1.412370 0.007606 -0.000000 0.004009
24 3.543030 2.117620 2.891170 0.007137 -0.000846 -0.000153
25 3.584210 2.445500 3.142590 0.006579 -0.000329 0.001509
26 3.554250 2.354590 3.013350 0.006057 -0.000113 0.000936
27 3.563230 2.406070 2.969510 0.006623 -0.000014 0.000212
28 3.649000 1.715060 3.212000 0.006461 -0.001244 -0.003235
29 3.542070 2.131320 3.202680 0.006345 -0.001221 0.000646
30 3.576750 1.699820 1.707310 0.006397 0.002041 -0.003856
