0 0.000000 0.053053 -0.103193 -0.000767 -0.000000 0.000000
1 3.394540 2.089560 1.471270 -0.001317 0.000362 -0.001248
2 3.313370 1.973530 1.477970 0.000061 0.000000 -0.000805
3 3.305830 2.235110 1.729180 -0.000083 -0.000000 -0.000000
4 2.904910 2.071150 1.791470 -0.000425 -0.000422 -0.001248
5 3.403350 2.046280 1.589300 -0.001246 -0.000452 -0.001331
6 3.170520 2.138480 1.465850 -0.001632 -0.000769 -0.000158
7 0.064316 -0.248892 -0.059520 0.001938 -0.000069 0.000500
8 3.371120 2.822000 1.772090 0.000205 -0.000958 0.003176
9 3.791550 2.015220 1.652210 0.000107 -0.000405 -0.001663
10 3.144090 2.800330 1.613460 -0.000148 -0.000187 0.003831
11 2.524110 3.147750 1.662100 -0.000062 -0.000457 0.005674
12 3.347750 2.804620 1.651740 -0.000619 -0.000597 0.003040
13 2.819720 2.998820 1.725410 0.000586 -0.000409 0.005089
14 -0.142330 0.140631 0.278438 -0.000151 0.000329 0.002533
15 2.847940 2.935990 1.140470 0.000556 0.000933 0.005659
16 2.567880 3.135140 1.399540 0.004147 0.000383 0.007145
17 3.249140 2.704020 1.923180 0.001758 0.000378 0.003719
18 3.299880 2.477120 1.274210 0.005572 0.006131 0.003526
19 3.203590 2.625760 1.728270 0.004731 -0.000249 0.004130
20 2.930160 2.758240 2.010550 0.002944 -0.004346 0.004662
21 -0.669047 0.939272 1.725580 0.000932 -0.005911 0.005071
22 3.293560 2.939520 1.389390 0.000276 -0.005067 0.003253
23 3.288230 2.871170 1.521750 0.000512 -0.005756 0.000748
24 3.333530 2.852820 1.469480 0.000598 -0.005672 0.001543
25 3.264410 3.256500 1.364960 0.000826 -0.004362 0.005300
26 3.288300 2.688380 1.404190 0.000646 -0.004691 0.000886
27 0.279071 2.666760 1.428620 0.000286 -0.005565 0.003602
28 -0.334456 -0.328670 1.606160 0.010665 -0.000566 0.003898
29 3.542720 1.958870 3.254140 0.010045 -0.000600 0.000800
30 3.470820 2.138810 3.398390 0.009254 -0.001567 0.002050
31 3.695740 1.961420 3.284600 0.008427 -0.001136 -0.000509
32 3.697410 1.885770 3.057830 0.007755 -0.000423 -0.000085
33 3.482960 1.887580 3.262980 0.008489 -0.001451 -0.000139
34 3.518360 2.000100 3.384880 0.009159 -0.001804 0.002166
35 3.640650 1.906940 3.131590 0.008477 -0.001159 -0.000242
