0 -0.234329 -0.197099 0.569337 -0.002337 -0.003510 -0.003229
1 2.824050 2.178180 2.394940 0.000418 -0.002143 -0.001203
2 3.160790 2.279930 2.422210 -0.001130 -0.002109 -0.000820
3 2.963170 2.091850 2.344710 0.002692 -0.000497 -0.001494
4 2.955600 2.104400 1.725770 0.000488 -0.000542 -0.001569
5 3.075360 1.940990 1.876150 -0.000240 0.000284 -0.002581
6 2.928180 1.993400 1.994550 -0.000487 -0.001120 -0.001885
7 0.000647 -0.000471 0.005232 0.000000 -0.000000 0.000000
8 3.316970 1.986980 1.718280 -0.000200 0.000191 -0.000572
9 3.420760 2.050520 2.059630 0.000604 -0.000223 0.000412
10 3.391810 1.956110 1.888420 -0.000628 -0.000694 -0.000306
11 3.437150 1.951230 1.832270 -0.000801 0.000110 -0.000876
12 3.236440 2.060350 1.958480 0.001777 0.000219 0.000608
13 3.582060 1.998740 0.579100 -0.003208 0.005000 -0.000159
14 0.383118 -0.109982 -0.389978 0.002493 0.004279 0.000971
15 3.509160 2.148230 1.748630 0.001635 0.003074 0.001771
16 3.755780 2.281170 1.651970 0.001241 0.003173 0.002477
17 3.530270 2.404710 1.562800 0.000408 0.002973 0.002980
18 3.868070 2.135550 1.703730 0.001754 0.003123 0.002170
19 3.710390 2.126340 1.692330 0.000495 0.002376 0.001571
20 3.650020 2.253940 1.766660 0.001923 0.002767 0.002985
21 0.470269 -0.018842 -0.393175 0.006199 0.006650 0.002878
22 3.832220 2.231440 1.672600 0.003807 0.005383 0.002004
23 3.810430 1.895560 1.575450 0.002539 0.005019 -0.000224
24 4.017490 2.160390 1.580770 0.003376 0.005536 0.001647
25 4.052020 1.970520 1.593650 0.003421 0.005616 0.000284
26 4.084630 1.902510 1.690080 0.003528 0.004885 0.000339
27 3.803160 2.174380 1.734060 0.003846 0.004997 0.002304
28 0.748854 -0.437020 -0.378769 0.011945 0.010831 0.003372
29 4.061030 1.907020 1.266530 0.005036 0.007685 0.001613
30 3.614590 1.916320 1.550120 0.004190 0.005123 0.002448
31 3.550670 2.175260 1.516990 0.007138 0.008281 0.004996
32 3.749340 2.089690 1.542040 0.004770 0.005802 0.004731
33 4.225310 1.910900 1.367150 0.005290 0.007511 0.002653
34 3.831590 1.883290 1.534180 0.004367 0.005565 0.002762
35 3.852420 1.813010 1.538640 0.004372 0.005332 0.002318
