0 0.000000 0.000000 0.000000 0.000000 -0.000000 0.000000
1 3.243800 2.032860 1.910060 -0.000567 -0.000655 -0.000000
2 3.352180 2.186020 1.799600 -0.000688 0.000075 0.000886
3 3.459510 2.081020 1.757450 -0.000379 0.001077 0.000279
4 3.461790 1.939770 2.061140 0.001626 0.000000 -0.000000
5 3.530060 1.827270 1.222850 0.001910 0.001748 -0.001096
6 3.366510 2.010960 1.683960 -0.000157 0.000116 0.000171
7 0.355932 0.069322 -0.550582 0.003132 0.004180 0.002774
8 3.014240 2.098510 1.377560 0.001732 0.003880 0.002257
9 3.861940 1.992590 1.486900 0.001957 0.003224 -0.000336
10 3.691060 2.053520 1.379730 0.001333 0.003480 0.000747
11 4.021240 2.069350 1.336770 0.001539 0.003896 0.000833
12 3.276680 2.150620 1.309240 0.001368 0.004114 0.002173
13 3.833980 2.149360 1.325330 0.001466 0.003884 0.002674
14 0.647924 0.069596 -1.005540 0.005111 0.008377 0.004175
15 2.699200 2.430100 1.027960 -0.000119 0.003311 0.004103
16 3.042760 2.437200 0.719535 -0.001217 0.004674 0.003425
17 3.264020 2.246580 0.909852 0.002280 0.006543 0.002825
18 3.137220 2.491110 1.302090 0.000656 0.000974 0.003635
19 1.068170 1.984650 0.895384 0.003887 0.007911 0.003777
20 3.018720 2.392200 0.929403 0.001481 0.005987 0.004322
21 0.671171 0.200562 -0.939398 0.008326 0.009655 0.006057
22 2.912890 2.146110 0.935089 0.004831 0.008872 0.002749
23 2.231970 1.933670 1.275940 0.002759 0.004118 0.000295
24 2.907500 2.181530 1.052020 0.007617 0.007003 0.002429
25 1.036200 2.195520 0.799078 0.007078 0.009051 0.003806
26 3.348690 2.224840 1.058250 0.006090 0.007280 0.004995
27 1.130320 2.133760 0.921721 0.007860 0.008738 0.004044
28 0.977088 -0.291074 -0.875733 0.014725 0.014258 0.006584
29 1.261680 2.114910 0.281775 0.006860 0.012952 0.005553
30 1.297380 1.966120 -0.028892 0.004195 0.012110 0.005533
31 2.783550 1.789000 0.701949 0.004817 0.007819 0.003920
32 3.665470 1.948760 0.754482 0.003409 0.006225 0.004282
33 2.914990 1.774240 0.843020 0.003892 0.005668 0.003367
34 3.231300 1.867170 0.827839 0.003525 0.005886 0.002242
35 3.786740 2.004080 0.374066 0.003638 0.008784 0.004031
