0 -0.122295 -0.540488 0.821712 0.006680 -0.000000 0.000000
1 3.388450 2.195890 2.532440 0.005936 0.000401 0.003064
2 2.778880 2.446170 2.391910 0.005175 0.000480 0.005233
3 3.230690 2.552330 2.538470 0.005785 -0.000029 0.005837
4 3.359080 1.692670 2.413280 0.005122 0.000327 -0.000504
5 0.000000 0.007470 -0.013909 -0.000118 -0.000000 0.000000
6 3.374090 2.171820 1.643410 -0.001789 -0.000434 0.000170
7 3.254240 2.426220 1.611880 -0.002192 -0.000434 0.002967
8 3.234600 2.551990 1.671400 -0.001755 -0.000361 0.003202
9 3.421770 2.032520 1.554150 -0.002156 0.000198 -0.001096
10 3.364300 2.040230 1.828720 -0.000843 -0.000657 -0.000116
11 -0.718878 1.382590 -1.043010 -0.010686 -0.001526 0.006916
12 3.074520 2.983110 0.821323 -0.009906 -0.000645 0.002635
13 3.080620 2.791780 0.852720 -0.010019 -0.000795 0.002498
14 3.145340 2.807940 0.771190 -0.009892 -0.000712 0.002153
15 3.392980 2.741330 0.890937 -0.009774 -0.000816 -0.000372
16 2.820770 3.115650 0.908741 -0.010035 -0.001223 0.006046
17 -0.429682 0.627175 0.108465 -0.002377 0.000108 0.005370
18 3.374350 2.332550 1.661670 -0.002698 0.001134 -0.001045
19 3.493840 2.399850 1.059540 -0.002700 0.003230 0.000201
20 3.677100 2.133130 1.708350 -0.001308 0.001525 -0.002792
21 3.570270 2.299570 1.656510 -0.002738 0.001674 -0.001241
22 3.526210 2.189890 1.401580 -0.001532 0.003681 0.001143
23 3.548530 2.135100 1.092630 -0.000370 0.002742 -0.001780
24 0.284872 -0.767548 0.608440 0.005705 0.002374 -0.003217
25 3.853700 1.587750 2.317770 0.005185 0.002372 -0.002484
26 3.814860 1.029310 2.188030 0.003894 0.001869 -0.008689
27 3.570400 1.784500 2.388020 0.004659 0.001653 -0.000165
28 3.747630 1.092230 2.298990 0.004941 0.002429 -0.003613
29 3.690550 1.491940 2.391080 0.004593 0.001275 -0.003600
30 3.434050 2.008380 2.173320 0.003472 0.001470 0.000411
31 4.153350 0.429253 2.327530 0.004818 0.001921 -0.011804
