0 0.000000 0.000000 0.000000 0.000000 -0.000000 0.000000
1 3.515270 2.215790 1.735420 -0.000312 0.000332 0.000666
2 3.419360 2.052880 1.461200 -0.002302 -0.000000 0.000430
3 3.546560 1.903410 1.693680 -0.000509 0.000198 -0.000767
4 3.399400 2.205080 1.682930 -0.000487 -0.000000 0.001276
5 3.473440 2.310260 1.766140 -0.001052 -0.000603 0.000868
6 3.396850 2.217630 1.709910 -0.001632 -0.000280 0.001065
7 0.137917 0.489210 -0.726171 -0.006869 -0.000803 -0.000415
8 3.488780 2.871620 0.949084 -0.009361 -0.001493 0.000141
9 3.432460 3.224190 1.076230 -0.008258 -0.001363 0.003129
10 3.509360 2.939270 1.041110 -0.008580 -0.001352 0.001680
11 3.463920 2.924960 0.927840 -0.008815 -0.000940 0.001143
12 3.313770 3.492020 0.894674 -0.009301 -0.001088 0.004398
13 2.793810 4.131770 0.937287 -0.009118 -0.001184 0.006674
14 -0.545316 1.640050 -1.477140 -0.015447 -0.002789 0.005808
15 3.467830 2.966470 0.367143 -0.015121 -0.002211 -0.002035
16 3.552300 3.054600 0.407664 -0.014623 -0.002153 -0.001196
17 3.361690 3.410070 0.272539 -0.015018 -0.001732 0.000992
18 3.148620 3.659740 0.326747 -0.015671 -0.002410 0.005275
19 3.602050 2.926820 0.432014 -0.014543 -0.002118 -0.001874
20 3.200340 3.334930 0.472863 -0.014626 -0.002362 0.002794
21 -0.416675 1.107210 -0.485351 -0.007816 -0.000593 0.005617
22 3.412670 2.798750 1.060280 -0.008188 0.000454 -0.000184
23 3.443290 2.726700 1.170180 -0.008170 0.000264 0.000599
24 3.475470 2.610750 1.201960 -0.007172 0.000233 -0.001372
25 3.516000 2.678030 1.073000 -0.007893 0.000530 -0.001353
26 3.791660 2.651250 1.007420 -0.004463 0.002457 -0.000070
27 3.574390 2.503160 0.847454 -0.003082 0.002428 -0.000804
28 0.318399 -0.047991 -0.295913 -0.002519 0.001607 -0.002822
29 3.658870 2.292260 1.506460 -0.003233 0.000799 -0.001601
30 3.772930 2.011890 1.295700 -0.004310 0.001590 -0.003816
31 3.789920 1.553840 1.581990 -0.003190 0.000572 -0.004175
32 3.825370 2.045960 1.574190 -0.002832 0.000999 -0.002619
33 3.917360 2.151160 1.438870 -0.004055 0.000958 -0.003317
34 3.827500 1.599240 1.379160 -0.003299 0.001484 -0.003901
35 3.916990 1.365600 1.531930 -0.002787 0.001719 -0.006928
