0 -0.327153 0.108286 1.415550 0.006714 -0.003415 0.003661
1 3.240300 1.790960 1.153790 0.004931 0.006921 -0.001304
2 3.383690 1.904540 1.331690 0.005181 0.006213 0.000770
3 4.004930 1.748090 2.198880 0.002337 0.000191 -0.003155
4 3.584990 1.874740 1.989690 0.003337 0.002477 -0.000713
5 3.728710 2.192290 1.352140 0.001166 0.004153 0.000872
6 0.000000 0.000000 0.000000 0.000000 -0.000000 0.000000
7 3.840890 1.837520 1.888230 -0.000150 0.000588 -0.001149
8 3.805770 1.996050 1.969170 0.000288 -0.000023 -0.000000
9 3.658750 1.851490 2.003930 -0.000136 -0.000427 -0.001407
10 3.804870 1.796880 2.042960 0.000680 -0.000160 -0.001731
11 3.767350 1.786830 1.818240 -0.000371 0.000578 -0.001783
12 3.719990 1.922480 1.984110 -0.000139 -0.000050 -0.001151
13 0.059157 0.266078 0.211273 -0.001139 -0.000751 -0.000000
14 4.161840 1.877080 2.151070 -0.000438 -0.001226 -0.005312
15 4.312640 2.092740 1.843190 -0.001231 0.001111 -0.003117
16 4.406220 1.772230 1.669830 -0.001589 0.001896 -0.005179
17 3.879540 2.345310 2.183550 -0.001393 -0.001035 -0.001671
18 4.497470 2.013830 0.698163 -0.000978 0.008144 -0.003964
19 -0.532515 0.517636 1.318700 0.005410 -0.002485 0.004731
20 3.829350 2.354680 1.338720 0.003665 0.005284 0.000907
21 3.898510 2.442400 1.456750 0.003713 0.004941 0.001246
22 3.643480 2.411320 2.853820 0.003553 -0.001749 -0.000166
23 3.916720 2.140030 1.353390 0.004788 0.006618 0.000097
24 3.721970 2.655680 1.177240 0.004662 0.009108 0.001579
25 -0.450972 0.709957 1.284650 0.004097 -0.002503 0.003953
26 3.955660 2.521790 1.529990 0.002626 0.003638 0.000164
27 3.689790 2.723300 2.790480 0.002908 -0.001182 0.000895
28 3.758230 2.597370 2.745370 0.002796 -0.001443 -0.000502
29 3.956970 2.628200 1.212030 0.003343 0.007850 0.001254
30 3.817950 2.865150 1.477750 0.000949 0.003907 0.001623
31 3.795380 2.468070 2.806160 0.002099 -0.002152 -0.000925
32 3.810250 2.749710 0.706781 0.000509 0.007930 0.001538
