0 0.000000 0.000000 0.000000 0.000000 -0.000000 0.000000
1 3.766170 1.732200 1.838580 0.001060 0.000847 -0.001780
2 3.706380 1.837750 1.799660 0.000776 0.001253 -0.000940
3 3.886710 1.877370 1.798220 -0.000143 0.001052 -0.000481
4 3.814980 1.922490 1.794860 -0.000100 0.001138 -0.000036
5 3.862080 1.975020 1.784440 -0.001106 0.000251 -0.000660
6 3.761440 1.829960 1.848270 -0.000512 0.000243 -0.000881
7 0.309077 -0.090118 -1.413050 -0.006603 0.003504 -0.003431
8 3.968390 1.853610 0.852138 -0.005721 0.001906 -0.005347
9 3.501230 1.993490 0.764743 -0.006784 0.002023 -0.003377
10 3.762620 1.802780 0.976365 -0.004575 0.001883 -0.005581
11 4.199430 1.891280 1.013970 -0.005284 0.001421 -0.003675
12 3.709470 1.996200 0.964546 -0.005241 0.002375 -0.004280
13 4.059350 1.575190 0.983192 -0.003734 0.003402 -0.007104
14 0.265800 0.205723 -1.168910 -0.007494 0.002375 -0.003011
15 3.658930 2.173350 0.968209 -0.007092 0.001643 -0.003155
16 4.015590 2.120300 0.956218 -0.006658 0.002148 -0.004245
17 4.159670 1.984320 0.638042 -0.007836 0.003226 -0.006460
18 3.835190 2.166070 1.080900 -0.006411 0.001536 -0.003054
19 4.072810 2.169090 1.007300 -0.006618 0.001627 -0.003578
20 3.621500 2.437250 1.185550 -0.005926 0.001353 -0.001477
21 -0.240731 0.366431 0.109429 -0.000839 -0.000000 0.000958
22 3.612940 2.327520 1.880530 -0.002131 0.000105 -0.001945
23 3.789290 2.203480 1.897970 -0.001893 -0.000023 -0.003535
24 3.633540 2.480110 2.170600 -0.000552 -0.000589 -0.001230
25 3.777790 2.345890 0.676208 0.000061 0.000911 -0.001127
26 3.702810 2.153790 2.171520 0.000566 -0.000574 -0.002899
27 3.852790 2.249630 1.955250 -0.000514 0.000734 -0.002456
28 -0.136492 0.474349 0.112512 -0.001714 -0.000000 0.000000
29 3.797170 2.237760 2.277930 -0.000192 -0.000867 -0.003599
30 3.776150 2.314050 1.940740 -0.001392 0.000288 -0.003470
31 3.697030 2.294350 1.957920 -0.001904 -0.000061 -0.002937
32 3.679190 2.415740 1.786540 -0.001218 0.001178 -0.001170
33 3.362010 2.591500 2.047600 -0.001816 -0.000276 -0.001070
34 3.746850 2.425080 2.141730 -0.002119 -0.001078 -0.001888
35 3.600890 2.383350 2.305260 -0.000614 -0.001961 -0.002167
