0 -0.075828 -0.466671 1.069280 0.007336 -0.000766 -0.000523
1 3.208700 1.999430 2.786060 0.006123 0.000146 -0.000051
2 3.653070 1.565860 2.822490 0.006176 -0.000171 -0.004305
3 3.376020 2.030200 2.538920 0.004166 -0.000194 0.000212
4 3.439000 1.948080 2.475530 0.003311 -0.000599 -0.000885
5 3.207460 2.144080 2.863640 0.005743 -0.000908 -0.000371
6 2.730280 2.839900 1.712670 -0.000452 0.000886 0.004757
7 0.000000 0.000000 0.000000 0.000000 -0.000000 0.000000
8 2.948040 2.411410 1.924430 -0.000372 -0.000186 0.002910
9 3.491380 2.014990 1.926260 -0.000200 0.000045 -0.001789
10 2.891030 2.372610 1.808700 -0.001191 -0.000000 0.002099
11 2.693580 1.816380 1.823310 -0.000118 0.000620 -0.001710
12 2.484820 2.239200 1.874680 -0.000382 0.000370 0.000536
13 2.357790 2.208770 1.770950 -0.001707 0.000000 0.000563
14 0.241968 0.664629 -0.738931 -0.006031 0.001552 0.001025
15 3.815620 2.680630 1.455870 -0.004423 0.001445 -0.000947
16 3.890100 2.762770 1.376990 -0.005331 0.001043 -0.001440
17 3.180640 3.880450 1.181400 -0.007522 0.000762 0.006035
18 3.493050 3.877100 1.299830 -0.006019 0.001041 0.005204
19 2.981000 3.656910 1.330790 -0.005593 0.001373 0.006026
20 3.892210 2.643720 1.417860 -0.005301 0.000730 -0.002335
21 -0.258769 1.333750 -0.714929 -0.009151 -0.001249 0.004097
22 3.256620 3.225340 1.367910 -0.007277 -0.000683 0.000545
23 3.306020 2.884720 1.696320 -0.000120 -0.001370 0.001959
24 3.107960 3.188240 1.119020 -0.008892 -0.000122 -0.001063
25 3.468430 2.830810 0.776468 -0.003828 0.002153 -0.002050
26 3.066520 3.182520 1.143860 -0.006808 0.000838 0.000604
27 0.628032 0.409031 -1.799810 -0.012240 0.002480 -0.002419
28 2.998130 3.588510 0.339590 -0.012043 0.001758 0.002958
29 3.107360 3.699750 0.243815 -0.012547 0.002000 0.002855
30 3.666020 3.491250 0.098957 -0.013162 0.002491 0.002572
31 3.642410 2.979140 0.197478 -0.012981 0.001987 -0.001362
32 3.010020 3.524620 0.255091 -0.012308 0.001954 0.003218
33 4.222020 2.500580 0.294656 -0.010969 0.002386 -0.002831
34 3.307490 3.119720 0.190378 -0.012862 0.002174 0.001270
