0 0.000000 0.000000 0.000000 0.000000 -0.000000 0.000000
1 2.514420 2.019280 2.058100 0.000645 -0.000349 -0.000000
2 3.192370 2.044210 1.951840 -0.000230 -0.000129 -0.000000
3 3.372870 2.065120 1.713080 -0.001208 0.000553 0.000241
4 3.474930 1.875540 1.691320 -0.001563 0.000512 -0.001862
5 3.580130 1.897710 1.761040 -0.001391 0.000021 -0.002007
6 2.653290 2.517560 1.629230 -0.001986 0.000205 0.003140
7 0.114910 0.438762 -1.067870 -0.007407 0.000763 0.000205
8 2.910830 3.237100 1.114050 -0.007190 -0.000154 0.004393
9 3.194180 3.397310 1.299760 -0.006320 -0.000221 0.002777
10 3.125080 3.179020 1.080180 -0.007220 0.000586 0.002847
11 2.924810 3.410470 0.952540 -0.007221 0.000844 0.003866
12 3.160610 3.327560 1.022800 -0.007249 0.000366 0.002496
13 2.608940 3.854020 1.098420 -0.007107 0.000608 0.006227
14 0.133341 1.165640 -1.673240 -0.013443 0.001279 0.002089
15 2.807380 3.234480 1.517910 -0.001722 -0.001221 0.001864
16 3.354290 3.260140 0.932124 -0.003390 0.000513 0.002787
17 3.332410 3.442910 1.626080 -0.000660 -0.001235 0.004322
18 3.561460 3.294590 1.017080 -0.009121 -0.001268 0.000080
19 3.404850 3.199700 1.202620 -0.004137 -0.002199 0.001142
20 3.757240 3.102050 1.542360 -0.001031 -0.000816 0.001238
21 -0.248385 1.694400 -1.554630 -0.015458 -0.001020 0.004567
22 2.603400 3.770240 1.047380 -0.004408 -0.000481 0.005474
23 2.361000 3.372420 1.275360 -0.005101 -0.003132 0.001234
24 2.384690 3.367470 0.728680 -0.013161 -0.001816 0.000257
25 3.302440 3.355090 1.019590 -0.004200 0.000190 0.000608
26 1.918570 3.390540 1.342090 -0.005347 -0.003966 0.001360
27 3.127870 2.987590 0.813580 -0.004635 0.001048 -0.000637
28 0.543353 0.854595 -2.611830 -0.019053 0.002043 -0.001516
29 3.590050 3.415470 -0.280176 -0.017216 0.001140 0.000530
30 4.036750 2.774760 -0.284602 -0.016942 0.001093 -0.003173
31 3.369270 3.967480 -0.479477 -0.018464 0.001813 0.003200
32 3.213880 3.627860 -0.335919 -0.018407 0.000808 0.001377
33 3.820080 3.059110 -0.455848 -0.018247 0.001556 -0.002140
34 3.980550 2.875000 0.377445 -0.012507 -0.000976 -0.002527
35 3.508920 3.517740 -0.173114 -0.018396 -0.000849 -0.000571
