0 -1.186040 0.562574 0.915871 -0.007593 -0.016263 -0.000000
1 2.358800 2.183910 2.747380 -0.006882 -0.015568 -0.002492
2 2.171720 2.812030 2.724890 -0.007469 -0.016447 0.001679
3 2.223460 2.331040 2.590590 -0.006691 -0.014043 -0.002335
4 2.350020 2.300910 2.389490 -0.004375 -0.010971 -0.000662
5 2.664180 2.564310 1.456670 -0.008751 -0.008269 0.000019
6 2.572440 2.204870 1.173590 -0.005731 -0.004204 -0.001123
7 0.000000 0.000000 0.000000 0.000000 -0.000000 0.000000
8 3.329320 1.946740 1.804630 0.000959 0.000359 -0.000969
9 3.410260 1.941790 1.774420 0.000334 0.000060 -0.000467
10 3.375770 1.992680 1.823110 0.000758 0.000153 0.000380
11 3.517000 1.705920 1.795520 0.002076 0.000418 -0.002279
12 3.559790 1.585860 1.865680 0.000957 0.000056 -0.002813
13 3.532230 1.703790 1.841220 0.001054 0.000603 -0.001793
14 0.457704 -1.218630 1.522150 0.012351 -0.000000 -0.004939
15 3.706930 1.563560 3.063810 0.010758 0.000579 -0.001647
16 3.113710 1.781700 3.391170 0.012420 -0.000225 0.000582
17 3.519300 1.467890 3.187810 0.011662 0.000237 -0.001917
18 3.563040 1.645010 3.070770 0.010459 0.000444 -0.000195
19 3.703690 1.525780 3.179030 0.011079 -0.000016 -0.001926
20 3.760650 1.465140 3.155110 0.011440 -0.000298 -0.002239
21 0.443437 -0.970510 1.743560 0.016084 0.003289 -0.004110
22 3.743680 1.516240 3.060120 0.014550 0.003594 -0.003687
23 4.085390 1.006420 2.741950 0.012436 0.004664 -0.007666
24 3.556250 2.169450 1.707250 0.010251 0.009948 0.001116
25 2.676390 2.509550 2.315950 0.011942 0.006830 0.004661
26 3.144870 2.397320 2.666560 0.011882 0.005334 0.003409
27 0.806153 -0.227878 -0.186110 0.014655 0.018795 0.001261
28 4.255960 1.673940 1.440660 0.012487 0.017606 -0.002258
29 4.056420 2.125170 0.534200 0.015408 0.018843 0.003252
30 3.956700 2.020900 1.478390 0.015724 0.015837 0.002885
31 4.331670 1.593520 0.846490 0.016309 0.017548 -0.001115
32 4.329010 1.529790 1.217550 0.017394 0.016980 -0.002815
33 4.074950 2.042850 1.053640 0.016996 0.016780 0.002918
34 4.143560 1.769360 1.401760 0.015968 0.020532 0.001348
