0 0.000000 -0.003345 0.006116 0.000050 -0.000000 0.000000
1 3.244400 1.850180 1.757440 -0.000193 -0.000322 -0.001143
2 3.352390 1.933590 1.779300 0.000149 -0.000334 -0.000161
3 3.411310 2.008500 1.641430 0.000289 0.000856 -0.000092
4 3.446850 1.878320 1.763370 0.000596 0.000551 -0.000237
5 3.426800 1.944530 1.552760 -0.000075 0.001723 0.000441
6 3.524620 1.874230 1.371150 0.000408 0.003072 -0.000455
7 1.162380 -0.514041 -0.915710 0.007514 0.016391 0.000516
8 3.691380 1.542360 1.206970 0.011659 0.010208 0.000734
9 4.554270 1.431420 1.226470 0.009327 0.011180 0.000120
10 3.876120 1.484420 2.137390 0.013129 0.006957 0.000905
11 4.149450 1.381770 1.115290 0.012715 0.010915 -0.001465
12 4.176680 1.446480 1.470210 0.010977 0.009041 0.000246
13 3.885440 1.063530 1.251650 0.011966 0.010735 -0.003210
14 1.720550 -1.785690 0.566664 0.019553 0.016614 -0.005154
15 3.808030 1.780040 2.386380 0.018502 0.014867 0.003695
16 3.956210 1.224130 2.281150 0.017712 0.014986 0.001008
17 4.163150 1.511520 2.170500 0.017966 0.015167 0.001765
18 4.641020 1.217560 2.330070 0.017322 0.014493 -0.000716
19 3.935300 1.593600 2.228860 0.017644 0.015302 0.003310
20 3.991170 0.810457 3.133290 0.022958 0.008336 -0.001904
21 1.761950 -1.472190 0.504800 0.023392 0.022102 -0.003634
22 4.438230 0.886416 1.847670 0.018082 0.013753 -0.003727
23 4.574090 1.635420 1.430170 0.015091 0.016373 0.000097
24 3.590670 2.292720 1.500790 0.017663 0.021652 0.005316
25 4.930840 1.188990 2.074860 0.021242 0.021493 -0.001286
26 3.648910 2.631000 0.217742 0.013002 0.019810 0.009240
27 4.225750 1.719820 0.327419 0.021045 0.020917 0.003263
28 1.883570 -0.643575 -1.174450 0.022166 0.035696 0.002740
29 3.974900 1.517130 1.243320 0.021811 0.023619 0.001911
30 4.385470 1.475520 0.135947 0.024785 0.031327 0.001705
31 4.419780 1.563920 1.004100 0.023550 0.026184 0.003221
32 4.552680 1.156370 0.787388 0.022897 0.025916 -0.001022
33 4.721370 1.174390 -0.131332 0.025779 0.033454 0.000349
34 4.588200 1.542640 1.239640 0.025097 0.026046 0.002955
35 4.588940 1.635540 0.786428 0.025026 0.029020 0.004648
