0 -0.030423 0.079114 -0.206827 0.000000 -0.000000 -0.000420
1 3.638670 1.804560 1.612850 -0.001497 -0.000509 -0.004029
2 3.431330 2.019840 1.524450 -0.001238 0.000312 -0.002416
3 3.544760 1.996250 1.592180 -0.001194 -0.000186 -0.002096
4 3.605180 1.713660 1.559910 -0.001980 -0.000591 -0.005153
5 3.305620 2.436970 1.600700 -0.001810 -0.000557 0.001389
6 3.299610 2.287590 1.710750 -0.000502 -0.000277 0.001336
7 0.000000 0.000000 0.000000 0.000000 -0.000000 0.000000
8 3.174840 2.016740 1.810890 -0.000329 0.000139 0.001008
9 2.565520 1.783620 1.746420 -0.000918 -0.000151 -0.001188
10 3.277470 2.050240 1.674110 -0.000718 0.000748 0.000204
11 2.724210 2.024590 1.696260 0.000208 0.000995 0.000818
12 3.260330 1.976640 1.917200 0.000177 -0.000310 0.000092
13 3.475180 1.760770 1.744100 -0.001000 0.000000 -0.002646
14 -0.387173 0.440584 0.211148 -0.003339 -0.001667 0.001436
15 3.162200 1.701250 1.099830 0.001521 0.002800 -0.000581
16 3.364280 1.776890 1.746560 0.000441 -0.001422 -0.001868
17 3.459900 1.609310 1.863170 -0.000217 -0.000123 -0.005425
18 3.393580 1.808090 1.221830 -0.000420 0.001102 -0.004236
19 3.405540 1.828710 0.894431 -0.000970 0.004476 -0.002679
20 2.997750 2.145930 1.994650 0.003958 0.001375 0.001482
21 0.004092 -0.465843 0.512535 0.007596 -0.000595 0.001518
22 4.004720 0.966321 1.382000 0.008077 0.005965 -0.003966
23 2.998260 1.257640 0.701170 0.005431 0.008260 0.000908
24 3.413180 1.808840 1.837850 0.002289 -0.000228 0.002732
25 2.997630 1.832490 2.000820 0.002172 -0.001551 0.001355
26 3.706310 1.382960 0.553380 0.003558 0.008655 -0.000664
27 -0.074704 0.286347 -0.296102 -0.001159 0.000000 0.001054
28 3.767860 2.014760 1.469170 -0.001786 0.000546 -0.003096
29 2.846830 3.019910 1.526890 -0.002119 -0.000057 0.005291
30 3.414440 2.335820 1.471660 -0.003066 -0.000265 0.000333
31 3.345420 2.208760 1.502520 -0.002908 -0.000531 0.000007
32 3.661030 2.038300 1.415200 -0.002660 0.000553 -0.001398
33 3.733680 2.029940 1.479010 -0.002663 -0.000176 -0.002245
34 3.657510 2.118250 1.402020 -0.002863 0.000332 -0.001439
