0 0.000000 0.000000 0.000000 0.000000 -0.000000 0.000000
1 3.303980 2.117200 1.806660 0.000049 -0.000000 0.001126
2 3.092450 2.091420 1.650140 -0.000633 0.000056 0.000992
3 3.158710 2.143690 1.755100 -0.000430 0.000087 0.001210
4 3.330630 1.985640 1.727890 -0.000939 0.000074 -0.000290
5 3.231170 2.096710 1.707260 -0.000707 0.000579 0.000588
6 3.271350 2.078950 1.806920 -0.001398 -0.001276 0.000387
7 0.045623 -0.130889 0.267797 0.000165 -0.000206 0.000096
8 3.626840 1.791080 1.893350 0.000410 0.001381 -0.002163
9 3.477770 1.722570 2.069970 -0.000269 -0.000687 -0.002956
10 3.541960 1.634820 1.727300 -0.002087 0.000069 -0.003097
11 3.430160 1.732990 2.306170 0.002554 -0.001848 -0.001120
12 2.674740 2.744210 1.791620 -0.002081 -0.000184 0.004270
13 3.727470 1.703890 1.890600 -0.001462 0.000311 -0.003668
14 -0.355361 0.114302 0.484238 -0.002593 -0.002477 0.000585
15 2.891380 2.055040 0.285189 -0.002883 -0.001568 0.000513
16 2.582980 2.553740 0.324540 -0.003397 -0.002127 0.003096
17 3.102010 1.787080 2.368610 0.003826 -0.002622 -0.000667
18 3.292670 1.904970 1.339130 0.004560 0.004828 0.000295
19 3.102530 1.444420 2.306030 0.005157 -0.001490 -0.001495
20 3.001430 1.949640 2.202730 0.003002 -0.002035 0.000809
21 -0.086484 -0.458156 0.526416 0.005926 -0.001166 0.001446
22 3.684220 0.576580 0.431935 0.008394 0.008514 0.000180
23 3.323530 1.817330 0.852759 0.008243 0.006930 0.002590
24 2.635040 2.389810 2.134100 0.004034 -0.000471 0.006459
25 2.923900 1.981030 2.027470 0.002317 -0.002162 0.001893
26 3.364710 1.794470 1.772210 0.000592 -0.000607 0.001151
27 3.482180 1.141630 1.853530 0.005909 -0.000071 0.001425
28 -0.168730 0.313666 0.002030 -0.002586 -0.001665 0.001004
29 3.538880 2.127620 1.600480 -0.003984 -0.001089 -0.002925
30 3.344380 2.085110 1.727310 -0.002761 -0.000750 -0.001468
31 3.303690 2.642950 1.671670 -0.003952 -0.001183 0.002308
32 3.704570 1.817420 1.385190 -0.002878 0.001575 -0.004781
33 3.633110 1.942850 1.733340 -0.003231 -0.000844 -0.004068
34 3.224170 2.511550 1.750810 -0.003034 -0.000936 0.002367
35 3.280850 2.077430 1.654870 -0.003761 -0.000789 -0.001909
