0 0.334357 0.016743 -0.123938 -0.000656 0.002543 -0.001445
1 2.883250 2.027800 1.484550 -0.000530 0.002403 -0.003081
2 2.967800 2.148640 1.723700 -0.000136 0.001847 -0.002773
3 3.346360 2.074230 1.639660 0.001020 0.000594 -0.002356
4 3.188550 2.000340 1.776210 0.000115 0.000792 -0.001649
5 2.430820 2.249480 1.248680 -0.000332 -0.000052 -0.000807
6 2.518900 2.247410 1.584770 -0.000371 -0.001355 -0.000718
7 0.001969 0.000848 -0.007509 0.000000 -0.000000 0.000000
8 2.397640 2.203360 1.749960 0.002709 -0.000550 0.000905
9 2.407780 2.036510 1.655170 -0.000497 -0.000735 0.000000
10 2.348880 2.269520 1.788730 0.001119 -0.000555 0.002170
11 2.309990 2.130180 2.083730 0.001665 -0.001125 0.000395
12 2.430750 1.998620 2.141930 0.002138 -0.001557 0.000000
13 2.427100 2.044700 2.113270 -0.000223 -0.002617 -0.000000
14 -0.417160 -0.176530 1.119180 0.005000 -0.003153 0.001501
15 2.824920 2.110550 2.876270 0.005171 -0.002495 0.001601
16 2.568400 1.883580 2.401400 0.003663 -0.002357 -0.000757
17 2.231090 2.347190 2.596640 0.004139 -0.001541 0.003036
18 2.917850 2.007080 2.484840 0.003933 -0.001758 0.000756
19 2.204780 2.358440 2.686930 0.006095 -0.002022 0.003836
20 2.179810 2.108520 2.708270 0.005085 -0.002829 0.002679
21 -0.607146 0.161630 0.947807 0.005320 -0.003313 0.002940
22 2.085750 2.563420 2.668710 0.004262 -0.002925 0.002859
23 2.826030 2.153170 2.475060 0.003839 -0.003128 -0.000740
24 2.014040 2.638210 2.659830 0.003037 -0.003798 0.002798
25 3.006680 2.208740 2.750810 0.004588 -0.003262 0.001032
26 2.242240 2.193760 2.652900 0.003817 -0.003279 0.001593
27 2.158390 2.536130 2.623970 0.003519 -0.003238 0.003216
28 -0.663232 0.337422 0.559560 0.002370 -0.003013 0.003565
29 2.910280 2.169640 2.314800 0.001768 -0.002482 -0.000820
30 2.975560 2.326090 2.475120 0.002041 -0.002839 0.000031
31 2.872250 2.237960 2.301070 0.002649 -0.003301 0.000767
32 2.847330 2.191700 2.617800 0.002200 -0.004238 0.000251
33 2.745240 2.114270 2.471740 0.002252 -0.003935 0.000152
34 2.864900 2.305980 2.579840 0.002202 -0.003785 0.001342
35 2.593690 2.140450 2.754450 0.002289 -0.005286 0.000572
