0 0.037355 -0.036380 -0.008327 -0.000171 -0.000094 -0.000334
1 2.469820 1.962180 1.304910 -0.000798 0.001121 -0.000327
2 2.378570 1.958330 1.822560 -0.000425 -0.000703 -0.000493
3 2.394750 1.994020 1.397470 -0.000063 0.000039 0.000364
4 2.155850 1.956460 1.913870 0.000585 -0.000674 -0.000334
5 2.240080 2.270480 1.320360 -0.000203 -0.000094 0.001532
6 2.361920 2.069410 1.324140 -0.001203 0.000099 0.000520
7 -0.364172 0.024754 0.119450 0.000571 -0.002550 0.001635
8 1.673970 2.997360 2.123190 0.001382 -0.003472 0.006238
9 1.880600 2.731910 2.143800 -0.000001 -0.003693 0.004149
10 1.903890 2.871450 2.077560 -0.000017 -0.003477 0.005688
11 2.051780 2.685970 2.153180 0.000353 -0.003220 0.004266
12 2.259400 2.857130 2.184340 0.000932 -0.003270 0.005283
13 1.865680 2.851820 2.217640 0.000363 -0.004175 0.006096
14 -0.767769 -0.147918 1.248190 0.005404 -0.005884 0.002905
15 1.728190 2.626680 2.797790 0.004136 -0.004492 0.005986
16 1.876400 2.807130 2.394460 0.004100 -0.003221 0.006232
17 1.829140 2.916630 2.687400 0.004069 -0.004803 0.006777
18 1.791640 2.939270 2.896280 0.004322 -0.005509 0.007667
19 2.051400 2.459320 2.859600 0.004188 -0.005720 0.004357
20 1.902600 2.444530 2.714720 0.005584 -0.003412 0.005761
21 -1.023370 0.195965 1.208410 0.006527 -0.006431 0.004828
22 1.818450 2.260910 2.817130 0.004880 -0.006019 0.002191
23 2.241540 2.309520 2.837030 0.004818 -0.006230 0.002844
24 2.440330 2.223700 2.824290 0.004164 -0.006175 0.001097
25 2.521180 2.238640 2.773390 0.004283 -0.005761 0.002728
26 1.539450 3.213290 2.810590 0.004706 -0.006007 0.009688
27 1.874340 2.236500 2.820340 0.004089 -0.006240 0.001892
28 -1.021340 0.353597 0.728853 0.002960 -0.006135 0.005081
29 2.711970 2.019010 2.595930 0.002167 -0.006175 -0.001697
30 2.572980 2.105020 2.636710 0.002242 -0.006458 -0.000024
31 2.389750 2.405990 2.582830 0.002064 -0.006507 0.002229
32 2.663520 1.772080 2.843930 0.002968 -0.007558 -0.001729
33 2.588750 2.274310 2.735060 0.002551 -0.007276 0.001402
34 2.528560 2.128830 2.688920 0.001929 -0.007086 0.000292
35 2.443160 2.043200 2.792690 0.002177 -0.007379 -0.001195
