0 -0.075359 -0.448697 0.447209 0.006656 -0.000000 0.000000
1 3.548560 1.702920 2.204090 0.004143 -0.000283 -0.002111
2 3.559920 1.933150 1.916960 0.001854 0.000398 -0.000484
3 3.338560 2.104320 2.045370 0.002743 -0.000190 0.001221
4 3.600420 1.672100 2.082540 0.002938 -0.000013 -0.001292
5 3.595010 1.805080 2.041900 0.002667 0.000244 -0.001368
6 3.517020 1.813140 1.985060 0.002649 0.000274 -0.000835
7 0.000000 0.000000 0.000000 0.000000 -0.000000 0.000000
8 3.269630 2.109190 1.840020 -0.000592 -0.000430 -0.000572
9 2.919830 2.047620 1.927720 -0.000345 -0.000203 -0.001191
10 3.313440 2.000240 1.775020 -0.001409 0.000000 -0.001239
11 3.264510 2.142470 1.740920 -0.001487 0.000245 -0.000449
12 3.201280 2.020020 1.774600 -0.001094 0.000283 -0.001073
13 3.342120 1.916800 1.821740 -0.001040 0.000150 -0.003056
14 0.209237 -0.648071 0.450395 0.007019 0.000957 -0.000529
15 3.868960 1.688610 2.293840 0.004669 0.000074 -0.001344
16 3.760090 1.762320 2.118810 0.003189 0.000425 -0.001185
17 3.798440 1.648060 2.099380 0.003976 0.000823 -0.000894
18 3.703050 1.637350 2.319540 0.004363 -0.000278 -0.001396
19 3.819540 1.573250 2.151910 0.003832 0.000368 -0.001295
20 3.824340 1.527310 2.185340 0.003481 0.000255 -0.001619
21 -0.113623 0.395303 -0.441321 -0.003365 0.000000 0.000865
22 3.442220 2.358840 1.482780 -0.004224 -0.000072 -0.001552
23 3.448220 2.388710 1.531240 -0.003397 0.000038 -0.001860
24 3.229210 2.574570 1.451250 -0.003909 0.000314 0.000471
25 3.433420 2.227170 1.482380 -0.003884 0.000254 -0.002893
26 3.377450 2.430330 1.422660 -0.003553 0.000022 -0.000909
27 3.306830 2.543330 1.439410 -0.003882 0.000323 -0.001374
28 -0.209055 0.012631 0.355714 -0.000000 -0.002193 0.000551
29 3.432370 2.212910 2.160580 -0.000526 -0.001609 -0.002237
30 3.607810 2.123490 2.085430 -0.000781 -0.001993 -0.002879
31 3.329590 2.334600 1.968540 -0.001681 -0.001566 -0.000654
32 3.447880 2.282400 2.180930 -0.000579 -0.001732 -0.001013
33 3.266510 2.206090 2.139600 -0.000359 -0.001833 -0.000661
34 3.261740 2.258900 2.275950 -0.000377 -0.002100 -0.000971
35 3.240600 2.238260 2.082080 -0.000889 -0.001215 -0.000704
