0 0.000000 0.000000 0.000000 0.000000 -0.000000 0.000000
1 3.288510 2.190890 1.809440 -0.000601 0.000710 -0.000122
2 3.242880 2.038700 1.756890 -0.001184 0.000166 -0.000928
3 3.251810 2.189840 1.788300 -0.001340 0.000000 0.000255
4 3.230000 2.155590 1.770270 -0.001360 0.000188 0.000128
5 3.323370 2.191870 1.772540 -0.001442 -0.000000 -0.000000
6 3.317640 2.157260 1.806800 -0.001332 0.000117 0.000000
7 -0.071991 0.561584 -0.440506 -0.006788 0.000000 0.000776
8 3.188560 2.976450 1.383030 -0.006270 0.000492 0.000462
9 3.333980 3.096220 1.320460 -0.006743 0.000727 0.002066
10 3.317200 2.785090 1.343100 -0.007534 0.000593 -0.000798
11 3.047450 3.463120 1.448470 -0.005952 0.000659 0.004017
12 3.356110 2.683350 1.146540 -0.006173 0.000762 -0.001808
13 3.223550 2.803560 1.269350 -0.007302 0.000522 -0.000904
14 0.152550 -0.097184 -0.022711 -0.000484 0.001214 0.000201
15 3.321190 2.420540 1.865310 -0.001436 0.000976 0.001302
16 3.331650 2.303530 1.645050 -0.002651 0.001324 0.000791
17 3.414710 2.139740 1.661480 -0.002087 0.001443 -0.001984
18 3.546750 2.559090 1.780600 -0.002198 0.001163 0.001966
19 3.357780 2.054830 1.711090 -0.002437 0.001087 -0.000517
20 3.427070 2.257030 1.733750 -0.002271 0.000818 0.000096
21 -0.163558 0.844102 -0.778130 -0.009521 -0.000237 0.001282
22 3.363000 2.739680 1.288690 -0.002952 -0.001937 -0.001954
23 3.229380 2.763350 1.689220 -0.001071 -0.000951 -0.001895
24 3.304090 3.095410 1.216340 -0.009299 0.000015 0.000423
25 3.361450 2.839020 1.030000 -0.002826 0.002585 -0.000941
26 3.532310 2.835250 1.157840 -0.007502 0.000712 -0.001217
27 3.327160 2.716420 1.986130 0.001177 -0.001134 -0.000356
28 -0.222240 0.544409 -0.118432 -0.007034 -0.002222 0.000949
29 2.932640 2.932750 0.423382 -0.003059 0.005313 0.000330
30 3.173850 2.866690 1.662330 -0.005103 -0.000923 -0.000356
31 3.127340 2.967380 1.750780 -0.000688 -0.002473 0.001448
32 3.518770 2.699170 1.616670 -0.002994 0.000101 -0.001359
33 3.337120 2.634990 1.581120 -0.000981 -0.001701 -0.000805
34 3.448700 2.601470 1.655190 -0.000481 -0.001448 -0.001550
35 3.346050 2.402440 1.715050 -0.005421 -0.001154 -0.003476
