0 0.168103 -1.031580 1.041500 0.010623 -0.000000 -0.003637
1 3.773610 0.780811 2.787870 0.008690 -0.000215 -0.004750
2 3.682380 0.824078 2.654770 0.008104 0.000352 -0.006327
3 3.536900 1.047000 2.772670 0.008498 -0.000221 -0.003849
4 3.523010 1.005750 2.635520 0.007297 -0.000072 -0.004208
5 3.473490 1.197310 2.206240 0.002949 -0.000655 -0.003638
6 3.428020 1.156610 2.797420 0.007690 -0.000889 -0.003419
7 0.000584 -0.015259 0.001555 0.000000 -0.000000 0.000000
8 3.323530 1.659630 1.756240 -0.000303 -0.000538 -0.001752
9 3.453440 1.660840 1.819610 -0.000597 -0.000453 -0.001226
10 3.496940 1.551900 1.664270 -0.000034 0.000310 -0.001553
11 3.363090 1.819590 1.754440 -0.000358 0.000000 -0.000873
12 3.388030 1.852070 1.708230 -0.001206 0.000051 0.000610
13 3.188900 1.743530 1.909580 -0.000380 -0.000278 -0.001228
14 0.310318 -0.853391 0.449124 0.005252 0.000429 -0.003575
15 3.781970 0.796240 2.302730 0.004439 -0.000148 -0.006812
16 3.593030 1.091460 2.139370 0.003207 -0.000044 -0.003873
17 3.488650 1.251010 1.972580 0.001696 0.000457 -0.003418
18 3.496070 1.448380 2.053800 0.003100 0.000688 -0.001746
19 3.490500 1.353620 2.128010 0.002648 -0.000511 -0.002710
20 3.528950 0.060531 3.093380 0.010418 -0.003852 -0.006636
21 0.606439 -2.420930 2.944980 0.031968 0.002942 -0.005053
22 4.146260 -0.793229 3.129160 0.017902 0.002753 -0.010030
23 3.291400 0.683073 3.241670 0.014045 -0.001828 0.001212
24 3.651550 0.252029 2.729490 0.014310 0.001394 -0.003876
25 3.266810 0.074564 1.715370 -0.002281 -0.002812 -0.003486
26 2.709120 0.712064 3.341710 0.012612 -0.003573 0.001508
27 2.970400 0.589411 2.782250 0.010013 -0.003267 -0.000618
28 -0.029001 -0.077488 0.104509 0.006184 0.002722 0.002722
29 3.617810 1.745710 1.746460 0.004791 0.003186 -0.000049
30 3.564810 1.733930 1.822450 0.004613 0.003172 0.000347
31 3.768360 1.479130 1.802000 0.003560 0.002451 -0.001905
32 3.600180 1.563800 1.779610 0.003580 0.002531 -0.001905
33 3.533520 1.513490 1.836150 0.003172 0.001816 -0.001726
34 3.408200 1.801230 1.697060 0.002502 0.002252 0.001078
35 3.693720 1.531570 1.412170 0.001928 0.002921 -0.003119
