0 0.000000 0.000000 0.000000 0.000000 -0.000000 0.000000
1 3.294450 1.814160 1.757610 -0.000963 0.000151 -0.000221
2 3.234800 1.866990 1.692080 -0.001433 -0.000000 -0.000000
3 3.262860 1.781730 1.749140 -0.001165 -0.000254 -0.000644
4 3.370720 1.739820 1.665360 -0.001881 -0.000391 -0.000990
5 3.306200 1.795890 1.690910 -0.002298 -0.000734 -0.000843
6 3.285240 1.482920 1.703690 -0.002415 -0.000408 -0.002452
7 -0.138998 1.068460 -1.155400 -0.011167 0.000443 0.003557
8 3.483620 2.915180 0.718106 -0.005216 0.000517 0.002268
9 3.391860 2.475700 1.051930 -0.004842 -0.001536 0.001478
10 3.559280 2.034440 1.085460 -0.003683 -0.000722 0.000216
11 3.565750 2.854230 1.018140 -0.004980 -0.001116 0.001556
12 3.519090 2.539230 1.194700 -0.003545 0.000223 0.002196
13 3.368560 2.855990 1.105080 -0.004799 -0.000447 0.001535
14 0.190514 0.337162 -0.871528 -0.006913 0.001306 0.000246
15 3.553390 2.157850 0.889813 -0.006758 0.000987 -0.001489
16 3.494690 2.163800 1.056580 -0.003565 -0.001195 -0.001360
17 3.560520 2.635950 0.887968 -0.007472 0.001179 0.001315
18 3.570400 1.923580 1.592680 -0.002354 -0.002322 -0.000932
19 3.549420 2.526270 0.655149 -0.007495 0.001857 0.001558
20 3.647600 1.330830 1.719280 0.001392 -0.001022 -0.001293
21 0.445652 -1.258450 1.642170 0.020309 0.003841 -0.000526
22 3.644720 1.130700 1.940690 0.006436 0.002726 0.000515
23 3.621900 1.431140 2.172500 0.007214 0.002178 0.000566
24 3.102280 1.773610 1.872280 0.005636 0.002405 0.003895
25 2.881710 2.074030 1.736240 0.004169 0.001445 0.006576
26 3.038610 1.948010 1.634220 0.003893 0.001800 0.006451
27 2.969550 1.975450 1.851950 0.004721 0.001341 0.005121
28 -0.234206 1.015220 -0.927605 -0.004593 0.002557 0.006607
29 3.238860 3.014130 1.186510 -0.004561 0.000565 0.004994
30 3.538120 2.515520 1.082380 -0.003900 0.001606 0.002189
31 3.218180 2.499830 1.285040 -0.002113 -0.000309 0.002905
32 3.445320 2.842890 0.874265 -0.004855 0.002262 0.004728
33 3.449220 2.622220 1.047350 -0.005391 0.001570 0.002802
34 3.435840 2.770950 0.845100 -0.006234 0.002240 0.004531
35 3.044080 2.919640 0.825360 -0.004749 0.002380 0.005247
