0 -0.108460 0.054905 0.097583 0.000000 -0.001279 0.000000
1 3.325110 1.948370 1.521610 0.000071 -0.001240 0.000433
2 3.476200 1.924970 1.832480 -0.001286 -0.001215 -0.000369
3 3.463380 2.125480 1.810410 -0.000382 -0.001362 0.001607
4 3.519520 2.028050 1.891430 -0.001990 -0.002571 0.000318
5 3.470070 2.028610 1.718480 -0.001949 -0.001084 0.000150
6 3.485560 2.202690 1.698860 -0.001557 -0.001177 0.001692
7 0.001698 0.000652 -0.021592 0.000000 0.000050 0.000000
8 3.483890 1.925910 1.491350 -0.001107 -0.000524 0.000176
9 3.361410 1.746850 1.493300 -0.001368 -0.000066 -0.000645
10 3.454420 1.734950 1.498020 -0.001387 -0.000576 -0.000759
11 3.397070 1.835900 1.405610 -0.001090 0.000294 -0.000534
12 3.324410 1.807700 1.498510 -0.001396 0.000050 -0.000000
13 3.350350 2.018150 1.390500 -0.000694 0.001094 0.000787
14 -0.054205 0.039443 -0.002408 0.000603 -0.000145 -0.000000
15 3.377030 1.941210 1.688870 0.000470 -0.000865 -0.000309
16 3.457890 2.127180 1.559810 -0.001036 0.000007 0.001568
17 3.425790 2.021440 1.698920 -0.001137 -0.000623 0.000419
18 3.363570 1.792930 1.665200 -0.000932 -0.000579 -0.000869
19 3.355260 2.054120 1.668370 -0.000317 -0.001003 0.000221
20 3.318260 1.846820 1.645280 -0.000669 -0.000864 -0.000235
21 -0.036456 0.089327 0.132799 0.002050 -0.000000 0.000000
22 3.437930 2.158120 1.655560 -0.000186 0.000240 -0.000000
23 3.355980 2.298910 1.650160 -0.000222 -0.000368 0.000787
24 3.512780 2.205910 1.608370 -0.000293 0.000593 -0.000607
25 3.442740 2.042840 1.692800 -0.000251 -0.000073 -0.000501
26 3.423570 2.135120 1.622150 -0.000361 -0.000675 0.000408
27 3.476430 2.087320 1.595850 -0.000437 0.000026 -0.000184
28 -0.055248 0.009408 0.117658 0.002078 -0.000464 0.000000
29 3.487420 1.973560 1.712460 -0.000250 -0.000441 -0.000635
30 3.502010 2.170490 1.672210 0.000535 0.000082 0.000515
31 3.524100 2.087940 1.763300 -0.000343 -0.000697 0.000558
32 3.471790 1.941490 1.632870 0.000602 -0.000102 -0.000635
33 3.445500 1.888380 1.764190 0.000170 -0.000526 -0.000609
34 3.411010 2.033160 1.884160 0.001032 -0.000670 0.000018
35 3.546800 2.000020 1.743370 0.001282 -0.000862 0.000000
