0 0.000000 -0.003241 0.005265 0.000045 -0.000000 0.000000
1 3.407860 1.866620 1.607360 -0.001473 0.000000 0.000080
2 3.383250 1.875460 1.397870 -0.001306 -0.000000 -0.000021
3 3.463320 1.890780 1.593000 -0.000920 0.000355 0.000200
4 3.536470 1.806290 1.691780 -0.001556 -0.000137 0.000000
5 3.493770 1.765880 1.565340 -0.000422 0.000199 -0.000632
6 3.472560 1.729570 1.667800 -0.001386 -0.000267 -0.000020
7 0.221638 -0.205236 -0.088135 0.000548 0.001617 -0.000810
8 3.686190 1.617800 1.440530 -0.000743 0.000784 -0.001592
9 3.728960 1.474740 1.365780 -0.001724 -0.000141 -0.002725
10 3.791470 1.606090 1.338500 -0.001138 0.001982 -0.001461
11 3.592960 1.450940 1.352940 -0.000835 0.002470 -0.002457
12 3.800880 1.587730 0.712243 -0.001621 0.003022 -0.001511
13 3.684120 1.551640 1.497860 -0.000342 0.001560 -0.001763
14 0.238610 -0.276512 0.047660 0.001910 0.001589 -0.001085
15 3.659540 1.371150 1.710650 0.000623 0.001486 -0.001892
16 3.643320 1.577500 1.465590 0.000145 0.001748 -0.001547
17 3.598930 1.350700 1.649730 -0.000292 0.001232 -0.003703
18 3.581240 1.385150 1.490960 -0.000663 0.001586 -0.002528
19 3.621680 1.593190 1.317550 -0.000037 0.001520 -0.001562
20 3.703200 1.476530 1.729310 0.001931 0.000942 -0.001459
21 0.119685 0.054852 0.044439 0.001914 0.001221 -0.000416
22 3.557700 1.989280 1.507750 -0.000746 0.001417 -0.000903
23 3.634200 2.017130 1.383170 -0.001417 0.001097 -0.001589
24 3.568640 1.587290 1.965760 0.001856 -0.000144 -0.003161
25 3.613820 2.051940 1.467460 -0.001120 0.001474 -0.000763
26 3.390890 2.155170 1.514610 -0.000266 0.000724 0.000134
27 3.534190 1.960830 1.492210 -0.000182 0.001971 -0.000979
28 0.177294 -0.166140 -0.007549 0.002874 0.001658 -0.000553
29 3.808230 1.858480 1.578480 0.000249 0.001831 -0.001135
30 3.694390 1.720370 1.578870 0.001653 0.002170 -0.001194
31 3.732460 1.627050 1.486150 -0.000700 0.001029 -0.002315
32 3.631320 1.832660 1.687250 0.001349 0.001105 -0.000559
33 3.648330 1.601820 1.409880 0.002321 0.003026 -0.001466
34 3.675570 1.524090 1.643370 0.000944 0.001251 -0.002120
35 3.807230 1.774680 1.511080 0.002208 0.001792 -0.000320
