0 -0.178217 0.176379 -0.272610 -0.001157 -0.000891 0.000000
1 3.444180 1.758220 1.367380 -0.001716 0.000708 -0.003865
2 2.644130 2.607900 1.471650 -0.002739 -0.000845 0.002318
3 2.390260 2.766380 1.566970 -0.002676 -0.000729 0.003697
4 3.330720 1.718660 1.609380 -0.002509 -0.001475 -0.004353
5 2.153980 2.770060 1.428210 -0.003239 -0.000787 0.003410
6 3.400150 1.842820 1.402140 -0.002927 -0.000495 -0.003011
7 0.000000 0.017337 -0.029785 -0.000250 -0.000000 0.000000
8 2.606750 2.091760 1.681090 -0.001090 -0.000005 0.001767
9 2.677580 1.809190 1.799090 -0.001456 -0.000510 -0.000382
10 2.655640 1.883380 1.664380 -0.000042 0.000638 -0.000307
11 2.505610 1.886860 1.741020 -0.001015 -0.000206 -0.000447
12 2.709150 1.875510 1.798480 -0.001058 -0.000146 -0.000339
13 2.632510 1.987280 1.744030 -0.001046 -0.000093 -0.000000
14 0.077427 -0.298757 0.521964 0.003843 0.000410 -0.000000
15 2.391750 2.031810 2.239240 0.002929 0.000161 0.001835
16 2.536190 2.083040 2.383680 0.002945 -0.000230 0.001795
17 2.269240 2.323580 2.356670 0.003462 0.000094 0.003437
18 2.835340 2.145420 2.274700 0.002229 0.000086 0.002105
19 2.945440 2.024690 2.159160 0.002255 0.000705 0.001811
20 2.554520 2.435010 2.311410 0.002568 -0.000159 0.004367
21 0.000493 0.018621 0.581483 0.004017 0.000000 0.000670
22 2.688420 2.304930 2.099860 0.001903 0.000756 0.001756
23 3.053050 1.927660 2.249180 0.003652 0.000534 -0.000948
24 2.762240 1.961520 2.140590 0.002512 0.000787 -0.001564
25 2.852880 1.969900 2.219020 0.002542 0.000404 -0.000515
26 2.787160 2.304830 2.427300 0.003472 -0.000585 0.002362
27 0.056945 -0.372057 0.887777 0.006006 -0.000237 -0.000000
28 2.668860 2.025920 2.488420 0.004635 0.000438 0.001362
29 3.678740 1.531700 2.793390 0.005745 -0.000303 -0.002592
30 2.700460 2.015500 2.722220 0.004890 -0.001200 0.001909
31 2.671630 2.048850 2.624670 0.005368 0.000223 0.002067
32 3.044730 1.556490 2.408260 0.004588 0.000306 -0.002221
33 2.982040 1.796410 2.569360 0.004660 -0.000028 0.000617
34 3.178580 1.525730 2.560000 0.005894 0.000225 -0.001709
