0 0.000000 -0.015626 0.026788 0.000225 -0.000000 0.000000
1 2.573580 1.939520 1.788460 -0.000849 -0.000091 0.000000
2 2.520200 1.935990 1.849550 -0.000675 -0.000148 0.000336
3 2.498930 1.925500 1.777140 -0.000597 -0.000000 -0.000000
4 2.685060 1.946810 1.918980 -0.000381 -0.000645 0.000000
5 2.420220 1.977500 1.796730 -0.001292 -0.000447 0.000218
6 2.559490 1.903000 1.757410 -0.000514 0.000067 0.000345
7 0.120499 -0.261945 0.383262 0.001743 0.000538 -0.000153
8 2.662710 2.529230 2.231680 0.001376 0.000115 0.004039
9 2.706270 2.002540 2.207050 0.001266 0.000068 0.000838
10 3.589770 1.488120 2.159440 0.001698 -0.000088 -0.003699
11 2.610140 2.203890 2.106530 0.002238 0.000172 0.001687
12 3.773800 1.433330 2.075500 0.001863 0.000516 -0.003463
13 3.577630 1.635400 2.360700 0.001815 -0.000316 -0.003191
14 0.033275 -0.284982 0.763968 0.003792 0.000216 0.000471
15 2.385650 2.544740 2.640790 0.004177 -0.000907 0.004536
16 2.661710 2.280760 2.402460 0.003530 0.000366 0.003255
17 2.183620 2.326060 2.589950 0.003669 -0.000675 0.003535
18 3.643110 1.420110 2.592480 0.004286 -0.000703 -0.003704
19 3.773750 1.655900 2.436920 0.002876 0.000189 -0.001061
20 2.769390 2.310150 2.501310 0.004059 -0.000068 0.003819
21 0.021868 -0.124714 0.846952 0.005624 0.001007 0.001007
22 2.578930 2.406480 2.529340 0.005494 0.001275 0.003663
23 2.815810 1.816750 2.256830 0.005551 0.001310 -0.001045
24 2.389830 2.585740 2.530530 0.005200 0.001431 0.004550
25 3.012140 1.915400 2.366890 0.004696 -0.000085 0.000490
26 2.571160 2.577390 2.456010 0.004632 0.000862 0.005047
27 2.485950 2.441140 2.681380 0.005628 0.000681 0.003989
28 -0.022922 -0.338121 1.185580 0.006635 -0.000240 0.000821
29 2.184640 2.301020 2.969260 0.005793 -0.000822 0.003100
30 3.739650 1.498990 2.966850 0.006424 -0.000453 -0.002350
31 3.592250 1.801650 2.880570 0.006342 -0.000355 0.000912
32 2.364680 2.162120 2.684720 0.006082 -0.000384 0.003143
33 2.231600 2.290710 2.662300 0.006673 0.000713 0.003829
34 3.662140 1.662400 2.898070 0.006277 -0.000878 -0.000686
35 2.372790 2.221990 2.717660 0.006886 0.000730 0.003526
