0 0.024055 -0.047868 0.181161 0.001100 0.001027 0.000955
1 3.173450 2.413680 2.178480 0.001710 0.000664 0.002305
2 2.946990 2.810090 2.240450 0.002589 0.001043 0.004763
3 3.313550 2.374230 2.261850 0.002776 0.000916 0.002275
4 3.383680 2.354560 2.181960 0.001585 0.000785 0.002962
5 3.340880 2.413930 2.177850 0.000398 -0.000191 0.002395
6 3.036230 2.749220 2.307860 0.002109 0.000564 0.003774
7 -0.000032 0.000098 0.008192 0.000000 -0.000000 0.000000
8 3.087030 2.177810 2.154220 0.001118 -0.001053 0.000903
9 3.229790 2.116850 2.093040 -0.000104 -0.001278 -0.000689
10 3.190010 1.995620 2.112000 0.000886 -0.000566 -0.000460
11 3.225450 1.963060 2.054430 0.001023 -0.000230 -0.000582
12 3.150420 2.192940 2.009940 0.000572 -0.000253 0.000838
13 3.215610 2.025660 2.125370 0.001038 -0.000548 -0.000000
14 -0.012441 -0.588773 1.428870 0.008473 -0.001636 -0.001310
15 2.922740 2.403370 3.292870 0.007552 -0.001906 0.002317
16 2.831340 2.288460 3.246000 0.008150 -0.001915 0.001779
17 3.286360 2.311950 3.180840 0.007602 -0.000891 0.001265
18 3.003920 2.201930 3.364120 0.007618 -0.002287 0.001100
19 3.082110 2.083420 3.420950 0.008983 -0.001636 0.001093
20 2.964160 2.205420 3.350060 0.008018 -0.001734 0.002840
21 0.266420 -0.627194 1.555230 0.004009 -0.003152 -0.003854
22 3.381980 2.240090 3.521420 0.005742 -0.003047 -0.001241
23 2.781690 2.669940 3.552540 0.005767 -0.003376 0.001503
24 3.125540 2.388360 3.489450 0.005481 -0.002673 -0.000724
25 0.202254 -0.146965 0.703516 -0.001680 -0.002136 -0.002842
26 3.174460 2.576650 2.424430 -0.000309 -0.001385 -0.000204
27 3.278960 2.824700 2.522430 -0.000691 -0.001735 0.000237
28 3.250910 2.811140 2.224190 -0.001559 -0.001401 0.000355
29 2.942740 3.023120 2.698020 0.000092 -0.001885 0.003224
30 3.097290 2.629880 2.306250 0.000720 -0.001756 0.000310
31 3.186820 2.442300 2.727570 -0.000609 -0.002133 -0.000476
