0 0.000000 0.000000 0.000000 0.000000 -0.000000 0.000000
1 3.159140 2.101240 1.965530 0.002824 -0.000000 0.001012
2 3.047780 2.295580 1.932010 0.000834 -0.000097 0.001670
3 3.125650 2.005250 1.846240 0.001150 -0.000066 0.000000
4 2.834240 2.420480 2.071540 0.002047 -0.000000 0.003032
5 3.017460 2.223250 2.138130 0.000616 -0.001544 0.001209
6 3.224320 1.937310 1.991880 0.002167 0.000284 -0.000172
7 -0.054441 0.094764 -0.195292 -0.001232 -0.001104 -0.000836
8 3.113280 2.411070 1.869190 -0.001176 -0.001313 -0.000894
9 3.516470 2.014550 1.798460 -0.001549 -0.000857 -0.004081
10 3.193630 2.324910 1.917260 -0.000013 0.000055 -0.001114
11 3.274470 2.293570 1.886350 -0.000447 -0.000455 -0.001869
12 3.231180 2.041090 1.802320 -0.001288 -0.000908 -0.003329
13 3.283550 2.405410 1.806230 -0.001163 -0.000466 -0.000816
14 0.114490 -0.574294 1.115900 0.006757 -0.002134 -0.002842
15 3.227240 2.033390 2.821250 0.005374 -0.001388 -0.001290
16 3.380510 1.741700 2.998190 0.006036 -0.002046 -0.002813
17 3.326330 2.075940 2.920770 0.005742 -0.001646 -0.002437
18 2.850030 2.315370 3.012080 0.006112 -0.002177 0.001966
19 3.140190 1.851050 3.157360 0.007506 -0.002237 -0.000856
20 3.366550 1.636810 3.068440 0.006098 -0.002652 -0.002390
21 0.383096 -0.685625 1.330660 0.003817 -0.002845 -0.004972
22 3.420400 1.693070 3.508290 0.005930 -0.003005 -0.004417
23 3.315410 2.221590 3.368720 0.005266 -0.002752 -0.001646
24 3.484680 1.926470 3.443060 0.005269 -0.002896 -0.004351
25 3.530890 1.439110 3.465890 0.006021 -0.002676 -0.004706
26 3.619360 1.781980 3.025700 0.007791 -0.002810 -0.003683
27 3.261730 2.101990 3.209020 0.005181 -0.001247 -0.002445
28 0.239265 -0.130560 0.490902 -0.002267 -0.002210 -0.003497
29 3.291810 2.294600 2.411000 0.003886 -0.001828 -0.001555
30 3.335710 2.531340 2.626210 0.000748 -0.002036 -0.001347
31 3.337950 2.781780 2.505500 -0.000567 -0.001562 0.000078
32 3.506310 2.300770 2.615270 -0.000204 -0.001949 -0.002973
33 3.047410 2.234240 2.462600 -0.000012 -0.001638 -0.001670
34 3.271270 2.576820 2.546530 -0.000813 -0.002178 -0.000170
35 3.275590 1.903840 2.959330 0.005980 -0.002317 -0.001939
