0 -0.194503 -0.073970 0.037045 0.000013 -0.001581 0.000000
1 1.990760 2.936010 1.983930 -0.001365 -0.002510 0.005160
2 3.496140 1.504480 1.823920 -0.001319 -0.001336 -0.005920
3 2.145230 2.969510 2.039410 -0.000638 -0.001841 0.005001
4 1.888890 2.928790 1.866250 -0.002322 -0.002085 0.005668
5 2.552500 2.823510 1.826720 -0.002323 -0.001877 0.004167
6 3.023630 2.040110 1.881930 -0.001520 -0.001896 -0.000407
7 0.000000 0.000000 0.000000 0.000000 -0.000000 0.000000
8 2.901330 1.700160 1.843720 -0.000575 0.000434 -0.002821
9 3.058030 1.658750 1.904700 -0.000893 -0.000716 -0.003021
10 2.606200 1.873930 1.857260 -0.001390 -0.000381 -0.000718
11 2.447620 1.846360 1.808250 -0.000691 0.000516 -0.000807
12 3.258240 1.686090 2.001180 -0.000819 -0.001128 -0.003275
13 0.077942 -0.366678 0.302029 0.004103 0.001043 -0.000000
14 2.102610 2.281010 2.150330 0.002159 0.000530 0.003101
15 3.656800 1.678680 1.943410 0.001917 0.002455 -0.001709
16 2.448330 2.765480 2.100220 0.002571 0.001136 0.005575
17 3.678800 1.688790 2.164280 0.001228 0.000261 -0.002749
18 1.855620 2.698620 2.096970 0.001214 0.000353 0.005470
19 0.035549 -0.278318 0.507065 0.005000 0.001133 0.000749
20 3.620840 1.539770 2.235680 0.002932 0.001180 -0.004678
21 3.418970 1.606290 2.209810 0.002348 0.000577 -0.003464
22 3.570170 1.516020 2.712590 0.005708 -0.000262 -0.004210
23 3.634360 1.430380 2.569830 0.005094 0.000195 -0.004467
24 3.505700 1.481920 2.508980 0.005261 0.000783 -0.004056
25 -0.106531 -0.917892 2.005150 0.016619 -0.000864 0.001259
26 3.611720 1.071350 3.662410 0.013441 -0.001361 -0.005139
27 3.783350 1.095850 3.338610 0.012451 0.000289 -0.003351
28 3.868900 1.213360 3.516330 0.012841 -0.001041 -0.002251
29 3.774190 1.264310 3.505690 0.012841 -0.000555 -0.001758
30 3.609870 1.169660 3.559340 0.012931 -0.001059 -0.002833
