0 0.000000 0.000000 0.000000 0.000000 -0.000000 0.000000
1 2.568400 1.703540 1.908520 -0.000529 0.000098 -0.002071
2 3.278050 1.508150 1.966240 0.000527 0.000362 -0.003892
3 3.356170 1.667290 1.908020 -0.000991 -0.000612 -0.003570
4 2.848090 1.893310 1.700330 -0.000989 0.001032 -0.000302
5 3.512700 1.572740 1.921480 -0.000485 -0.000093 -0.004159
6 3.507040 1.754410 1.816210 -0.000748 0.000533 -0.002403
7 0.257646 -0.069627 0.054318 0.000357 0.001504 -0.000741
8 3.912340 1.616470 2.005130 -0.000208 0.001162 -0.005167
9 3.946560 1.592900 1.947020 -0.000004 0.001503 -0.005402
10 3.244930 2.108010 1.805180 -0.002141 0.001159 -0.000393
11 3.896510 1.825370 1.838970 -0.000028 0.002321 -0.004831
12 2.727130 2.059000 1.978580 -0.000606 0.001039 -0.000219
13 3.747050 1.975260 1.886610 -0.000841 0.001495 -0.002761
14 0.288503 -0.337438 0.204853 0.003300 0.002196 -0.000609
15 3.625720 1.244640 2.142960 0.003037 0.002313 -0.006381
16 2.487890 2.618830 2.170910 0.002385 0.001825 0.004397
17 2.919700 2.590390 2.019520 0.001333 0.001831 0.003905
18 3.811020 1.484700 2.051340 0.001181 0.001733 -0.004673
19 3.632700 1.680650 2.022490 0.001130 0.001865 -0.003677
20 2.212220 2.641020 2.171060 0.002638 0.001718 0.004811
21 0.319810 -0.284364 0.386921 0.005000 0.003141 -0.000000
22 3.802570 1.762880 2.125870 0.003334 0.003214 -0.002734
23 3.688590 1.710960 2.177290 0.002655 0.002407 -0.003896
24 3.709420 1.557960 2.323860 0.004277 0.002337 -0.006319
25 3.903170 1.485260 2.511030 0.005533 0.001898 -0.004637
26 3.740360 1.546790 2.448260 0.006104 0.002654 -0.003526
27 3.582780 1.558880 2.478620 0.005548 0.002336 -0.004317
28 0.109978 -0.972119 2.051680 0.016937 0.000301 0.000567
29 2.340530 2.474310 3.711890 0.014057 -0.000188 0.005781
30 4.067200 1.107920 3.629580 0.014012 0.000544 -0.004793
31 3.872740 0.912555 3.741380 0.015418 0.000698 -0.005667
32 3.922430 0.894882 3.490860 0.013648 0.000510 -0.005514
33 3.555570 1.143280 3.722230 0.013913 -0.000218 -0.001632
34 3.794050 1.161080 3.545870 0.012981 0.000516 -0.002717
35 2.515850 2.221270 3.365030 0.010086 -0.000420 0.004443
