0 -0.668076 1.640130 -0.986439 -0.003910 0.001204 0.008571
1 2.982820 2.624500 1.064160 -0.003488 0.000829 0.005101
2 3.263290 2.446250 0.911292 -0.003571 0.001555 0.004148
3 3.124660 2.223170 1.167410 0.000027 0.002097 0.003431
4 3.352000 2.208980 1.228140 0.002639 0.003595 0.004577
5 3.275000 2.002980 1.173100 -0.002158 0.000981 0.001163
6 3.074330 1.619320 1.636000 0.004618 0.001657 0.001999
7 0.000000 -0.012253 0.020345 0.000166 -0.000000 0.000000
8 3.493690 1.731690 1.425330 -0.000108 0.000516 -0.001891
9 3.651370 1.393570 1.126550 0.000504 0.002153 -0.003849
10 3.567380 1.501450 1.064720 -0.001544 0.002155 -0.002909
11 3.709930 1.802740 1.592410 -0.001191 0.000773 -0.002077
12 3.538500 1.760560 1.594040 -0.001234 0.000660 -0.000832
13 3.688220 1.528530 1.658820 -0.000084 0.000981 -0.003656
14 1.339110 -1.422250 -0.384581 -0.000000 0.003541 -0.010853
15 3.819530 1.397150 1.211580 -0.000656 0.003768 -0.004988
16 4.544490 0.821813 1.273390 -0.001796 0.002551 -0.010161
17 4.438020 0.965639 1.350060 -0.000657 0.003852 -0.007863
18 4.201430 1.014570 1.168790 -0.000590 0.004768 -0.007773
19 4.519090 0.276136 1.308060 0.000340 0.003067 -0.012015
20 4.956820 0.027146 1.398560 -0.000514 0.003251 -0.014200
21 2.304250 -2.470000 -0.264923 -0.001402 0.003832 -0.021181
22 4.609170 0.289368 1.347610 0.002041 0.005068 -0.015767
23 4.920500 0.032395 1.558910 -0.000649 0.002792 -0.018219
24 4.919720 -0.055782 1.756270 -0.000360 0.003274 -0.018014
25 4.836730 -0.382983 1.642430 0.000493 0.003040 -0.019351
26 4.553690 -0.032009 1.748050 0.002974 0.003753 -0.015257
27 4.772180 -0.293720 1.512960 0.004711 0.006981 -0.017119
28 3.120030 -3.914240 0.463116 0.006660 0.008207 -0.027326
29 5.300270 -0.826420 2.064190 0.007892 0.002078 -0.023674
30 5.073690 -1.042570 1.944780 0.009705 0.007358 -0.019431
31 5.061470 -1.212050 2.608760 0.010669 0.001656 -0.023010
32 5.431300 -1.208140 0.266607 0.004776 0.007779 -0.024512
33 5.265840 -0.802532 0.240236 0.006071 0.008528 -0.021768
34 5.387350 -1.095790 0.238380 0.005472 0.008296 -0.021948
35 5.465980 -1.198750 0.316531 0.005698 0.007741 -0.023673
