0 0.020460 -0.031835 0.006187 0.000256 0.000172 -0.000053
1 3.539580 1.748330 1.589720 -0.001045 0.000690 -0.000921
2 3.504480 1.735460 1.596220 -0.000503 0.001398 -0.001381
3 3.556030 1.632730 1.485570 -0.000014 0.001963 -0.002029
4 3.618690 1.590370 1.696580 -0.000644 0.000878 -0.001162
5 3.429790 1.743180 1.522280 -0.000676 0.000787 -0.001889
6 3.631890 1.518350 1.544460 -0.000919 0.000832 -0.003815
7 0.732721 -1.675600 1.051810 0.004185 -0.001346 -0.008894
8 4.144970 0.625016 0.916628 0.002103 0.007926 -0.009471
9 4.528800 0.244544 1.262330 0.005426 0.004238 -0.012188
10 4.580230 0.186769 0.538711 0.000472 0.005261 -0.013289
11 4.536660 0.307044 0.762985 0.001887 0.009632 -0.012621
12 4.608180 0.259649 0.760905 -0.000219 0.006636 -0.012885
13 4.458760 0.325303 1.626170 0.002025 0.004369 -0.011858
14 2.220910 -3.188290 0.584513 0.004166 0.002729 -0.020668
15 4.369140 0.028889 1.424550 0.004275 0.000802 -0.013599
16 4.810820 -0.216145 0.401947 0.001219 0.001736 -0.016332
17 4.991460 -0.287393 1.604170 -0.000046 0.002318 -0.018444
18 4.653870 -0.405643 0.633631 0.000558 0.001660 -0.018095
19 4.643740 -0.474049 2.125710 0.001893 0.002500 -0.017860
20 4.812460 -0.608843 0.377144 0.001015 0.001634 -0.018641
21 3.137710 -4.182680 0.782226 0.002565 0.002385 -0.030755
22 4.426080 -0.798300 0.402349 -0.000432 0.002714 -0.024116
23 5.332850 -1.139700 0.886467 0.001271 0.005974 -0.026939
24 5.485200 -0.856807 0.570421 -0.000620 0.008609 -0.025903
25 4.273310 -0.948667 0.399658 0.000412 0.003476 -0.025738
26 4.240190 -1.104850 0.468386 0.000406 0.002812 -0.025281
27 5.651330 -1.272020 0.117286 0.000694 0.011327 -0.028716
28 3.959620 -5.637350 1.534260 0.010556 0.006720 -0.036959
29 5.092780 -2.203420 1.087970 0.008294 0.007509 -0.029158
30 4.819030 -0.836665 1.010140 0.008198 0.007655 -0.017907
31 5.383060 -2.325690 1.031480 0.007860 0.007471 -0.029904
32 4.803540 -2.120750 1.048560 0.007850 0.007138 -0.026899
33 4.538860 -0.972177 1.036160 0.008912 0.007485 -0.016645
34 4.628110 -1.152920 1.046530 0.008450 0.007178 -0.018102
35 5.489950 -1.705540 1.068490 0.008427 0.007358 -0.022341
