0 0.152763 -0.371581 0.126134 0.004555 0.002134 0.000000
1 3.745650 2.075840 2.019260 0.003327 0.001924 -0.000364
2 3.498960 2.047730 1.985390 0.002984 0.002000 0.000357
3 3.669330 1.938390 1.985440 0.003174 0.002235 -0.000464
4 3.635020 2.406080 1.953740 0.002885 0.002014 0.002704
5 3.986770 1.734950 2.061320 0.003807 0.002130 -0.002546
6 3.675990 2.273190 1.809470 0.001997 0.002397 0.000187
7 0.000000 0.000000 0.000000 0.000000 -0.000000 0.000000
8 3.184220 2.497440 1.916430 -0.000409 -0.000031 0.002561
9 3.141150 2.438740 2.081270 0.000123 -0.000762 0.001910
10 3.308360 2.322400 1.909220 -0.000555 -0.000101 0.001910
11 3.085720 2.560570 1.862920 -0.000759 0.000097 0.002687
12 3.357490 2.194140 1.816200 -0.001296 0.000213 0.000580
13 2.756160 2.611070 1.882620 -0.000834 0.000058 0.002795
14 0.325646 0.646717 -1.387210 -0.009584 0.002523 -0.000525
15 4.326100 2.380820 0.679435 -0.008668 0.002790 -0.004315
16 2.984240 3.587900 0.573693 -0.009658 0.002339 0.004345
17 3.578580 2.993990 0.694237 -0.008533 0.002501 0.001084
18 3.748130 2.857420 1.215000 -0.002833 0.000075 0.001634
19 3.768860 2.824230 0.691920 -0.009217 0.002060 -0.000420
20 3.690850 2.595850 0.671293 -0.009071 0.002444 -0.000612
21 0.332415 0.858835 -1.542130 -0.009466 0.003507 -0.000000
22 3.607390 3.278810 0.446261 -0.008900 0.003342 0.002228
23 3.998340 3.240180 0.609975 -0.008549 0.002875 0.000931
24 3.749280 3.164560 0.545933 -0.008725 0.003361 -0.000332
25 3.589110 3.101710 0.650591 -0.008130 0.002555 0.000445
26 3.709640 2.939860 0.416580 -0.008658 0.002880 0.000391
27 3.765510 3.253110 0.617641 -0.007600 0.003584 0.001067
28 0.327419 0.810460 -1.819010 -0.011134 0.003226 -0.000000
29 3.786030 3.253680 0.291491 -0.010619 0.002841 0.001177
30 2.729710 4.059840 0.235385 -0.010865 0.003135 0.005359
31 3.382020 3.653120 0.274163 -0.011192 0.002651 0.003482
32 3.848580 3.093040 0.394611 -0.009855 0.002774 0.000689
33 4.172990 2.622850 0.169578 -0.010976 0.003362 -0.004810
34 3.762480 2.867790 0.385455 -0.010398 0.002289 0.000289
35 3.539040 3.102830 0.353499 -0.010247 0.002868 0.001622
