0 0.000000 -0.003205 0.005428 0.000045 -0.000000 0.000000
1 3.288220 2.346480 1.863510 -0.000944 0.000000 0.001681
2 3.292730 2.196400 1.908470 -0.000340 0.000000 0.000886
3 3.259190 1.991950 1.980860 -0.000737 -0.000391 0.000000
4 3.359260 2.145520 1.928560 -0.001012 -0.000529 0.000580
5 3.379270 2.089680 1.828820 -0.001360 0.000074 -0.000408
6 3.398120 2.213070 1.840780 -0.001300 -0.000000 0.000762
7 -0.119240 0.385156 -0.221283 -0.004788 -0.001673 -0.000000
8 3.312730 2.427440 1.695400 -0.005629 -0.001673 0.000001
9 3.176840 2.733580 1.798280 -0.005276 -0.002224 0.000345
10 3.263860 2.442650 1.664800 -0.006045 -0.002045 0.000070
11 3.130190 2.750190 1.688200 -0.006074 -0.001603 0.001191
12 3.418040 2.353150 1.677150 -0.005843 -0.001699 -0.001434
13 3.109930 3.005080 1.657870 -0.005837 -0.001764 0.002523
14 0.231372 0.936655 -1.489530 -0.013824 0.000454 -0.000625
15 2.659840 4.200190 0.556781 -0.005830 0.000559 0.006616
16 3.654990 2.892950 0.703856 -0.012416 -0.000075 -0.000297
17 3.695450 2.878500 1.086390 -0.003547 0.000672 -0.000982
18 3.495070 3.126450 0.743835 -0.012445 -0.000533 -0.000221
19 3.666800 2.940900 0.448950 -0.012517 0.000792 -0.002474
20 3.498110 2.815050 1.292450 -0.003331 -0.000579 -0.000166
21 0.243297 1.169850 -1.743030 -0.014417 0.001381 -0.000347
22 3.516970 3.529030 0.417858 -0.012986 0.000809 0.001594
23 3.533530 3.182900 0.372487 -0.013397 0.001103 -0.000054
24 3.511760 3.643720 0.345607 -0.012208 0.001330 0.000881
25 3.505430 3.141600 0.968035 -0.004022 0.000263 0.000536
26 3.646080 3.059620 1.131620 -0.002233 0.000840 0.002132
27 3.795290 3.237230 0.105743 -0.013911 0.002828 0.000183
28 0.203882 1.126740 -1.927070 -0.015567 0.001099 -0.000000
29 3.452950 3.730320 0.182208 -0.015033 0.000700 0.002882
30 3.473280 3.047780 0.648282 -0.005410 0.000800 0.000087
31 3.532860 3.105980 0.245104 -0.014723 0.000519 0.000577
32 3.968340 2.685970 0.272008 -0.014341 0.000613 -0.005744
33 2.524490 4.637630 0.129044 -0.015797 0.000725 0.007124
34 3.634910 3.073120 0.208901 -0.014575 0.000861 -0.000115
35 3.592800 2.839700 0.309093 -0.013912 0.000711 -0.000961
