0 0.122907 0.044384 -0.792990 -0.004184 -0.000545 -0.001818
1 3.509280 2.193180 1.148400 -0.005542 0.000362 -0.001699
2 3.583380 2.176430 1.155450 -0.004478 0.000103 -0.002363
3 3.372970 2.399340 1.230210 -0.003776 -0.000098 -0.000678
4 3.352550 2.475620 1.238430 -0.005797 -0.000933 -0.000219
5 3.398510 2.197860 1.236800 -0.005691 -0.001009 -0.001965
6 3.474490 2.302250 1.080650 -0.005611 -0.000373 -0.000810
7 0.000000 0.000000 0.000000 0.000000 -0.000000 0.000000
8 3.395060 2.072620 2.017450 0.000110 -0.000257 -0.000000
9 3.320440 1.859200 1.925070 -0.000051 0.000000 -0.000748
10 3.402990 1.954270 1.978420 -0.000337 0.000000 -0.000488
11 3.202670 2.002320 2.158610 0.000558 -0.000670 -0.000222
12 3.288880 2.002540 1.975080 0.000118 0.000000 -0.000295
13 2.923500 1.851610 1.993000 -0.000015 -0.000057 -0.001110
14 -0.038901 -0.320462 0.957079 0.003133 -0.001710 -0.001753
15 3.339360 1.729530 2.918770 0.003425 -0.001447 -0.002393
16 3.232600 1.952390 2.716760 0.002679 -0.001853 -0.001044
17 3.333440 1.841720 2.275710 0.003231 -0.001533 -0.002041
18 3.903480 1.688900 0.966057 0.002023 0.006046 -0.003914
19 3.390050 2.028350 2.932180 0.002458 -0.002307 -0.001587
20 3.427210 1.506390 2.791590 0.002421 -0.001553 -0.004413
21 -0.063315 -0.356813 1.901330 0.006242 -0.003273 -0.002485
22 3.859300 1.812150 1.553670 0.004662 0.004247 -0.003451
23 3.634280 1.776490 2.190450 0.005814 0.001994 -0.003556
24 3.516880 1.942230 2.103100 0.004653 0.000826 -0.002480
25 3.264470 1.816690 1.731430 0.004782 -0.003083 -0.002481
26 3.317460 1.844880 3.167640 0.008691 -0.003109 -0.001974
27 3.411420 1.882310 2.587690 0.007720 0.000455 -0.002490
28 -0.491469 -0.443866 2.483920 0.009302 -0.005680 0.000000
29 3.436280 1.638070 2.446140 0.006325 0.000741 -0.003366
30 3.017350 1.710360 2.775390 0.007940 -0.001666 -0.001736
31 2.736000 1.619790 2.865450 0.007360 -0.004234 -0.001547
32 2.920360 1.528300 2.691340 0.008810 -0.001662 -0.002537
33 2.690540 1.548150 2.284780 0.008405 -0.005412 -0.001586
34 2.918440 1.540500 2.303920 0.007833 -0.005652 -0.000947
35 2.909140 1.715810 1.966780 0.006384 -0.004343 -0.001239
