0 0.000000 0.000000 0.000000 0.000000 -0.000000 0.000000
1 3.279700 1.997470 2.062060 0.000649 -0.000178 0.000000
2 3.396680 2.048340 2.102820 0.000927 -0.000000 0.000000
3 3.343740 2.030070 1.747180 0.000556 0.002156 0.000000
4 3.274860 2.108050 1.971490 -0.000387 -0.000170 0.000677
5 3.196220 2.075700 1.939170 -0.000866 -0.000339 -0.000033
6 3.330090 2.052790 1.944650 0.000000 -0.000000 0.000000
7 -0.119807 -0.053756 0.780439 0.004012 0.000472 0.001797
8 3.359050 1.780190 2.850540 0.004662 0.000138 -0.000325
9 3.378710 1.654560 2.948030 0.004961 0.000047 -0.000813
10 3.344480 2.005690 2.893560 0.003920 0.000645 0.001479
11 3.322570 1.895130 2.866340 0.004575 0.000351 0.000873
12 3.271590 1.903880 2.893100 0.004631 0.000411 0.000874
13 3.433320 1.639340 2.900530 0.004485 0.000268 -0.001372
14 -0.178608 -0.412263 1.819820 0.008075 -0.001087 0.000172
15 3.883550 1.590420 1.894360 0.008495 0.008429 -0.002012
16 3.518640 1.594160 2.064510 0.007485 0.003580 -0.001499
17 3.973080 1.404150 2.125290 0.007525 0.006741 -0.002755
18 3.562320 1.503250 1.955270 0.007191 0.004274 -0.001673
19 3.437120 1.619010 2.075230 0.007522 0.003970 -0.001324
20 3.805250 1.373140 1.984950 0.006777 0.005228 -0.002622
21 -0.287604 -0.406387 2.854680 0.010963 -0.003426 -0.000422
22 3.102910 1.952510 3.619020 0.011945 -0.002358 -0.000099
23 3.200490 1.848720 2.752610 0.010044 -0.003215 -0.001051
24 3.322870 1.886460 3.207620 0.008845 -0.000585 -0.000594
25 2.920120 2.070470 2.814300 0.010208 -0.003442 0.000880
26 2.673580 2.088570 2.811890 0.010432 -0.003647 0.001991
27 3.128930 1.579730 2.825720 0.010533 -0.003454 -0.001258
28 -0.635725 -0.437144 3.311190 0.013284 -0.005501 0.001886
29 3.316580 1.644190 3.001370 0.011293 0.000294 0.000007
30 3.003700 1.626810 2.992250 0.011516 0.000862 0.000022
31 2.796230 1.557950 3.058460 0.012191 -0.004929 0.001868
32 2.744830 1.784950 2.876510 0.011156 -0.004444 0.001451
33 3.251140 0.804211 2.824720 0.011975 -0.004017 -0.003094
34 3.026130 1.069950 3.075570 0.012560 -0.004812 -0.002446
35 2.912370 1.464950 3.072730 0.012099 -0.004922 -0.000074
