0 -0.372198 -0.846571 1.865940 0.014768 -0.001915 0.001087
1 3.324260 1.370700 3.510520 0.012914 -0.000886 -0.004596
2 3.292630 1.386000 3.480280 0.012395 -0.001544 -0.003093
3 3.682780 1.190150 3.339640 0.012404 -0.000409 -0.005732
4 3.494090 1.254040 3.454120 0.012137 -0.001404 -0.005737
5 2.257780 2.285700 3.340020 0.011901 -0.001126 0.004271
6 2.095550 2.172260 3.313980 0.010777 -0.001724 0.003703
7 -0.017291 0.000047 0.030926 0.000000 -0.000249 0.000000
8 2.935160 2.370840 1.922910 0.000154 -0.000222 0.001322
9 2.647590 2.552310 1.958340 -0.000155 -0.000535 0.001649
10 2.791420 2.320430 1.819090 -0.000049 -0.000050 0.000541
11 3.477510 1.971540 2.030220 0.000449 -0.000249 -0.002481
12 2.548550 2.367410 2.022490 0.000098 -0.000552 0.000618
13 2.779380 2.359830 1.927220 0.000361 0.000379 0.000718
14 0.167412 0.191128 -0.579562 -0.003294 0.000877 -0.000536
15 2.402100 3.442230 1.490130 -0.002400 0.000923 0.005546
16 2.984030 2.843330 1.461930 -0.002671 0.000930 0.001687
17 2.566030 3.300880 1.474720 -0.002624 0.000773 0.004781
18 2.748100 3.240200 1.539960 -0.002161 0.000633 0.004435
19 2.546480 3.112090 1.442090 -0.003001 0.000893 0.004103
20 2.613230 3.047590 1.528960 -0.002212 0.000924 0.003727
21 0.011402 0.193648 -0.690956 -0.005796 -0.000789 -0.000657
22 2.413290 3.082000 1.355180 -0.005142 -0.001034 0.004041
23 2.860950 2.694250 1.336190 -0.005410 -0.001331 0.001591
24 2.947060 2.608210 1.235750 -0.005380 -0.000394 0.000770
25 2.356620 3.142820 1.399610 -0.005195 -0.001111 0.004825
26 2.390890 3.166010 1.447000 -0.005099 -0.001547 0.004718
27 2.724040 2.855030 1.261120 -0.004975 0.000073 0.002822
28 -0.021372 0.194364 -0.505772 -0.004147 -0.001137 -0.000761
29 3.088040 2.411250 1.627760 -0.002898 -0.001398 -0.000173
30 3.424610 1.989370 1.505860 -0.003816 -0.001039 -0.003284
31 3.700370 1.829030 1.600840 -0.002794 -0.000682 -0.006448
32 3.032330 2.349480 1.542030 -0.002803 -0.000711 -0.000219
33 2.842840 2.901400 1.560240 -0.002900 -0.001110 0.002720
34 2.538820 3.072900 1.578270 -0.002891 -0.001420 0.003789
35 2.725460 2.799000 1.624600 -0.002847 -0.001273 0.002756
