0 0.000000 0.000000 0.000000 0.000000 -0.000000 0.000000
1 2.845990 2.667020 1.896070 0.000095 0.000523 0.002850
2 2.893160 2.304560 1.922310 0.000220 0.000257 0.001345
3 3.042890 2.410720 1.832010 -0.000032 0.000507 0.001567
4 2.672600 2.061070 1.873300 -0.000239 0.000202 -0.000604
5 2.810690 2.589400 1.834910 -0.001115 -0.000209 0.001486
6 2.765900 2.645690 1.791960 -0.001113 -0.000056 0.002939
7 0.471239 0.779277 -1.802840 -0.014800 0.001299 -0.001797
8 2.795360 3.212550 0.516846 -0.011994 -0.000316 0.001054
9 2.958420 3.633760 0.165793 -0.010909 -0.000842 0.002825
10 2.864320 3.555980 0.457501 -0.012404 0.001182 0.002318
11 2.640770 3.864500 0.369247 -0.012728 0.001259 0.003643
12 2.836480 2.993510 -0.007690 -0.006500 0.001351 -0.000381
13 2.971620 3.609450 0.449531 -0.012016 0.001093 0.001778
14 0.563995 0.784097 -2.047660 -0.016063 0.001891 -0.002405
15 3.097800 3.004130 0.124425 -0.014628 0.001593 -0.000777
16 3.335720 3.373070 0.045701 -0.014499 0.001952 0.000338
17 2.521050 3.715040 0.219595 -0.013821 0.001888 0.003048
18 3.074560 3.417450 0.086525 -0.014643 0.001957 0.000626
19 2.769110 3.576100 0.164296 -0.014364 0.001612 0.001975
20 2.850560 3.371270 0.647123 -0.012160 -0.001598 0.000226
21 0.539969 0.902783 -2.491040 -0.019150 0.002191 -0.002091
22 3.265890 3.016990 -0.032188 -0.008491 0.001140 0.000502
23 3.259990 3.034770 -0.134330 -0.013107 0.001005 -0.001484
24 3.161090 2.982470 0.049696 -0.006992 0.002032 -0.000692
25 3.286030 2.765410 -0.088212 -0.007810 0.001932 -0.001596
26 3.543610 2.943730 -0.091594 -0.013195 0.001026 -0.001574
27 3.114440 2.879370 0.155140 -0.013481 -0.000486 -0.001519
28 0.489787 0.974248 -2.393730 -0.018399 0.001553 -0.002124
29 2.766840 3.581380 -0.159195 -0.015549 0.001352 0.002488
30 3.495010 2.975020 0.231787 -0.012499 0.001263 -0.001485
31 3.184040 3.183980 -0.201696 -0.016283 0.001624 -0.000061
32 3.001620 3.145430 -0.049632 -0.014302 0.001763 -0.000070
33 2.999230 3.820950 -0.084184 -0.015806 0.001395 0.002762
34 3.680160 3.301430 0.061261 -0.015108 0.000566 0.000229
35 3.421690 2.963570 0.413774 -0.012757 -0.000634 -0.000960
