0 -0.184759 0.140896 0.883671 0.006323 -0.000000 0.002299
1 3.672440 2.386420 2.473750 0.005019 -0.000104 0.002023
2 3.624930 2.351280 2.289970 0.004642 0.000517 0.001976
3 3.751910 2.286160 2.506810 0.005015 -0.000385 0.001873
4 3.723060 2.465470 2.113710 0.003393 0.001044 0.001221
5 3.656280 2.647510 2.379270 0.004005 -0.000255 0.002462
6 3.726880 2.354220 1.997240 0.003029 0.001084 0.001206
7 0.019865 -0.016856 -0.037321 0.000000 0.000299 0.000000
8 3.709920 2.172960 1.743270 -0.000364 0.000275 -0.000000
9 3.653230 2.067940 1.861810 0.000600 0.000121 -0.000714
10 3.623830 2.102240 1.677490 -0.000465 -0.000164 -0.000068
11 3.666410 2.020100 1.743680 0.000605 0.000983 -0.001540
12 3.487310 2.149000 1.648690 -0.000054 0.000311 -0.000153
13 0.069619 0.327319 -0.938924 -0.006908 0.002413 0.000799
14 1.387450 0.543550 4.537920 0.025533 -0.004866 0.011057
15 3.631290 2.069120 2.467450 0.005254 -0.003516 0.000076
16 3.675760 1.915440 2.315590 0.004716 -0.002422 0.000778
17 2.039320 2.875640 2.418750 0.006368 -0.002562 0.008489
18 -0.497409 0.002272 2.383780 0.020183 -0.000608 0.004428
19 3.266990 2.157000 3.790230 0.016269 -0.001234 0.001194
20 3.388940 2.222760 2.713230 0.010700 -0.000174 0.002650
21 3.710780 1.919500 3.555350 0.015380 -0.000651 -0.002298
22 3.417870 1.633770 3.371660 0.011765 -0.003922 -0.001141
23 3.731430 1.692110 3.439480 0.014449 -0.000752 -0.002188
24 3.356750 2.542790 2.926560 0.012938 0.000861 0.002735
25 -0.291061 0.096865 0.597330 0.009321 0.002009 0.003331
26 3.402520 2.102610 2.464470 0.007948 0.001367 -0.000667
27 3.495990 1.958670 2.789610 0.010375 0.001034 0.000444
28 3.662480 2.065040 2.476670 0.008355 0.001254 0.000681
29 3.457010 1.922850 2.481170 0.008464 0.001798 -0.000162
30 3.522920 2.245400 2.574920 0.008348 0.000941 0.001265
31 3.566020 2.032820 2.467260 0.008415 0.001748 -0.000399
