0 0.000000 0.000000 0.000000 0.000000 -0.000000 0.000000
1 3.435470 2.114100 1.824800 0.000255 0.000201 -0.001111
2 3.725830 1.908040 1.526350 -0.000548 0.000680 -0.002038
3 3.704720 1.973660 1.693210 0.000103 0.000295 -0.001024
4 3.750250 1.991070 1.825910 0.000850 0.000247 -0.001183
5 3.601380 1.995720 1.689010 0.000376 0.000468 -0.001131
6 3.760750 1.973980 1.468910 -0.001007 0.000302 -0.001303
7 0.176121 -0.065331 -0.985179 -0.006523 0.000637 -0.001854
8 4.067300 1.762820 0.977339 -0.005730 0.001188 -0.005987
9 3.885430 1.838960 1.098590 -0.005860 0.000029 -0.005512
10 3.819870 2.233650 0.813359 -0.007183 0.000761 -0.002169
11 3.768930 2.156180 1.052900 -0.005550 0.000645 -0.003482
12 3.765500 1.928550 0.876405 -0.007515 0.000365 -0.004490
13 3.955100 1.963370 0.857103 -0.007066 0.001014 -0.006807
14 0.313776 0.210354 -1.898890 -0.012782 0.003126 -0.001077
15 3.421820 2.401160 1.581580 -0.003782 -0.004902 0.000330
16 2.761740 -0.585901 4.895290 0.025236 -0.006139 0.001306
17 3.142770 1.850460 1.905880 -0.000706 -0.005375 -0.001608
18 3.393380 2.065020 2.087520 0.001918 -0.004402 0.002864
19 3.671880 1.745350 1.529870 0.000242 -0.001384 -0.000092
20 3.829940 1.818140 1.649510 0.000507 -0.002937 -0.001321
21 -0.309373 -0.044059 1.388360 0.014312 0.000440 0.003220
22 3.536690 2.026140 3.079440 0.012008 -0.000566 -0.000737
23 3.339050 2.255610 2.722020 0.010374 0.000454 0.000494
24 3.803950 2.113020 2.787030 0.011694 0.001395 -0.001133
25 3.500760 2.132940 2.579710 0.009244 0.000409 0.000184
26 3.831450 1.743330 3.129070 0.012097 -0.000098 -0.002423
27 3.452080 2.169270 2.797020 0.010888 0.000901 -0.000124
28 -0.062885 -0.091801 -0.213958 0.004262 0.002544 0.001662
29 3.494740 1.917300 1.799860 0.004176 0.002021 -0.001275
30 3.657780 1.863630 1.775620 0.004203 0.002475 -0.001706
31 3.743470 1.714950 2.065950 0.005257 0.001789 -0.001052
32 3.667380 1.675870 1.735770 0.004147 0.002620 -0.001948
33 3.719600 2.295230 1.816360 0.003975 0.001824 0.001136
34 3.782050 2.129570 1.653520 0.003659 0.002690 0.000358
35 3.796550 1.346560 1.250270 0.004230 0.002874 -0.004546
