0 0.282304 -0.999715 0.465180 0.008039 -0.000000 -0.002977
1 4.066500 1.001170 2.119720 0.007935 -0.000000 -0.004442
2 4.030760 0.790197 1.784850 0.007116 0.000151 -0.006422
3 3.938950 1.173910 2.333680 0.005138 -0.001415 -0.003389
4 3.918630 1.023100 2.492000 0.006034 -0.001535 -0.004795
5 3.336480 1.782860 2.264430 0.004148 -0.002010 -0.000003
6 2.788960 1.633210 1.798880 0.005954 -0.000854 -0.000069
7 0.000743 -0.014598 0.011903 0.000151 -0.000000 0.000000
8 3.490270 1.889690 2.036390 0.000523 -0.000273 -0.001255
9 3.577700 1.842040 1.881700 0.000371 0.000000 -0.002246
10 3.311470 1.911630 1.972500 0.000424 0.000013 -0.000500
11 3.500960 1.922200 1.871250 -0.000217 -0.000000 -0.000942
12 3.640080 1.611700 1.834850 -0.000427 -0.000007 -0.002889
13 3.458150 1.842500 1.926010 0.000087 -0.000220 -0.001306
14 -0.348085 0.366068 0.139162 -0.000486 -0.000000 0.002053
15 3.421230 2.065400 2.004490 -0.000111 -0.000106 -0.001807
16 2.471370 3.438310 1.975670 -0.000777 -0.000450 0.008310
17 3.554170 2.100040 1.994130 0.002531 0.001241 -0.000522
18 3.380430 2.227130 2.171690 0.000342 -0.000330 0.000120
19 3.512600 2.299750 2.192380 0.000836 -0.000300 -0.000459
20 -0.573641 0.011299 1.057130 0.009971 0.001112 0.005867
21 3.267860 1.839060 2.797110 0.008845 0.001424 0.001874
22 3.252510 1.953810 3.032160 0.009749 0.000507 0.003589
23 3.321970 1.926930 2.758440 0.008504 0.001852 0.001924
24 3.360540 1.393830 2.928620 0.009414 0.001362 -0.000619
25 3.367670 1.767780 2.857970 0.008767 0.001294 0.001536
26 3.437250 1.490880 2.680250 0.007762 0.001990 -0.001110
27 0.411969 -0.542030 0.203848 0.007050 0.005757 0.000000
28 4.102680 1.377080 2.146900 0.005836 0.005153 -0.003723
29 4.025920 1.794980 2.072040 0.005762 0.005542 -0.000588
30 4.047760 1.363210 2.064810 0.004889 0.004893 -0.003348
31 4.065240 1.734800 2.158110 0.005368 0.004832 -0.000951
32 4.118080 1.456320 2.182350 0.005660 0.004969 -0.001758
