0 -0.036822 0.037773 -0.010590 -0.000085 -0.000113 0.000264
1 3.437180 1.980230 1.882130 -0.000598 -0.000063 -0.000872
2 3.587690 1.869600 2.026790 0.000217 -0.000360 -0.001189
3 3.432830 1.818320 1.851030 -0.001099 -0.000354 -0.001168
4 3.465880 1.875210 1.954050 -0.000805 -0.000731 -0.000946
5 3.523710 1.931770 1.966480 -0.000448 -0.000113 -0.001413
6 3.506100 1.931490 1.747850 -0.001659 -0.000011 -0.001026
7 -0.320178 1.048940 -0.497120 -0.008210 0.000144 0.003144
8 3.467130 2.548300 0.994427 -0.001490 0.002210 0.000422
9 3.335760 2.963280 0.671044 -0.003047 0.002085 0.002684
10 3.454680 2.755710 0.596635 -0.003636 0.004076 0.001811
11 3.493140 2.529110 1.492930 -0.006244 0.000227 -0.001602
12 3.372110 2.677060 0.938179 -0.002475 0.002297 0.001746
13 3.148390 2.974060 1.575680 -0.006306 -0.000388 0.002787
14 -0.598504 1.362260 -0.507343 -0.008642 0.000621 0.005197
15 3.256350 2.641460 1.574910 -0.001203 0.000541 0.001335
16 3.241390 2.780360 1.390510 -0.005327 0.000973 0.001850
17 3.189800 2.741720 1.426100 0.000159 0.001094 0.001275
18 3.269360 2.778030 1.424210 0.000457 0.001418 0.003147
19 3.178000 2.881540 1.203160 -0.001181 0.000282 0.002933
20 3.108620 2.649430 0.804433 -0.003282 -0.000882 0.001272
21 -0.860503 1.098470 0.486573 0.000378 0.000531 0.008403
22 3.052020 2.503750 2.087770 0.000707 0.000752 0.002047
23 3.060660 2.683150 2.141820 -0.000480 0.000163 0.003801
24 3.171500 2.514070 2.039610 -0.000859 0.001861 0.001074
25 3.038150 2.711860 1.732170 -0.001713 0.001882 0.002908
26 3.076110 2.240920 2.086440 0.004906 0.000538 0.002191
27 3.152740 2.699060 2.063880 -0.000596 0.001937 0.002706
28 0.076866 0.596948 -0.387355 -0.001596 0.005879 0.003140
29 3.917500 2.445150 1.536000 -0.000608 0.006161 0.000162
30 3.774100 2.504330 1.675460 -0.000667 0.005437 -0.000123
31 4.008310 2.162740 1.708450 0.000389 0.005077 -0.001626
32 4.069010 2.222450 1.692520 -0.001766 0.004867 -0.002444
33 3.751660 2.522560 1.591350 -0.002024 0.005521 -0.000216
34 3.726840 2.421030 1.724480 -0.001613 0.005128 -0.000734
35 3.870040 2.471340 1.651060 -0.001910 0.005421 -0.000218
