0 -0.021820 0.079877 -0.421030 -0.000850 0.002356 0.001381
1 3.416090 2.149290 1.595400 -0.002246 0.001399 0.000296
2 3.723110 1.907580 1.589780 -0.001289 0.001703 -0.002230
3 3.592440 1.875100 1.617800 -0.001247 0.001067 -0.003251
4 3.647090 1.941080 1.576920 -0.001316 0.001653 -0.001512
5 3.351090 2.358680 1.492740 -0.001575 0.001450 0.000724
6 3.611990 1.932040 1.463130 -0.003127 0.001022 -0.001913
7 0.000000 0.000000 0.000000 0.000000 -0.000000 0.000000
8 2.601180 1.884420 1.820410 -0.000855 -0.000000 -0.001036
9 3.158460 1.849920 1.872650 -0.000770 -0.000392 -0.000169
10 3.452450 1.995450 0.784579 -0.001786 0.004599 -0.000004
11 3.485710 1.601140 1.848650 -0.000880 0.000196 -0.003056
12 3.139200 1.958150 1.791540 -0.001003 -0.000000 0.000033
13 3.217540 1.961460 1.967980 -0.000753 -0.000487 -0.000975
14 0.194105 -0.392105 0.487748 0.001076 -0.002330 -0.002790
15 3.768820 1.411630 1.087950 0.002067 0.006490 -0.003424
16 3.392750 1.755450 2.246340 0.000386 -0.002721 -0.002060
17 3.622150 1.618280 2.239730 0.000016 -0.001934 -0.004249
18 3.812970 1.210760 2.309770 0.000138 -0.002309 -0.006693
19 3.623530 1.270730 2.280130 -0.000349 -0.002189 -0.005242
20 3.734570 1.272740 2.389110 0.001577 -0.001957 -0.006009
21 0.633100 -1.008120 1.074760 0.004423 -0.001951 -0.006621
22 3.710280 1.930370 2.612100 0.003857 -0.001497 -0.002313
23 3.777670 1.323770 2.557480 0.003498 -0.002972 -0.005963
24 3.610850 1.815780 2.674560 0.002854 -0.000681 -0.003457
25 3.853090 1.328630 2.785600 0.003511 -0.002074 -0.006081
26 4.019950 1.228200 3.004060 0.012002 0.000722 -0.004921
27 0.707455 -2.747580 5.807800 0.039375 -0.005556 -0.006132
28 4.488580 -0.291055 4.686900 0.029898 0.005303 -0.007625
29 4.557040 -0.574394 4.785190 0.030548 0.005477 -0.008689
30 4.787830 -0.732641 4.992240 0.028223 0.001752 -0.011685
31 4.464350 -0.331533 4.611710 0.030153 0.006240 -0.007861
32 4.239010 -0.316841 4.965690 0.028502 0.002072 -0.008181
33 4.354370 -0.376137 5.403600 0.028424 0.000244 -0.007764
34 4.460540 -0.439211 4.890630 0.028354 0.003061 -0.008254
