0 0.000000 -0.001441 0.002306 0.000019 -0.000000 0.000000
1 3.159240 2.006660 1.782880 -0.001684 -0.000024 -0.000039
2 3.139500 1.919370 1.858530 -0.001024 -0.000040 -0.000000
3 2.517240 1.900790 1.904210 0.000274 -0.000686 -0.000281
4 3.157650 1.964630 1.974810 -0.000281 -0.000231 -0.000123
5 3.153920 2.032540 1.879920 -0.001321 -0.000819 0.000589
6 2.710200 1.862100 1.879920 -0.001090 -0.000872 -0.000862
7 0.012137 -0.238837 0.548816 0.001746 -0.002283 -0.001522
8 3.213350 2.143150 2.430790 0.000773 -0.002453 0.000383
9 3.328030 1.546680 2.492170 0.001076 -0.002560 -0.002780
10 3.444980 1.687860 2.281070 0.000289 -0.001993 -0.001287
11 3.326110 1.718110 2.285510 0.001948 -0.002240 -0.001731
12 3.074890 1.735990 2.423870 0.000954 -0.002234 -0.001213
13 3.528550 1.474130 2.438330 0.000631 -0.002518 -0.004359
14 0.309015 -0.689876 0.986067 0.003335 -0.003947 -0.004268
15 3.196810 1.918210 2.598520 0.003110 -0.003410 -0.000986
16 3.753380 1.347940 1.458590 0.003855 0.003276 -0.003660
17 3.998250 1.016090 2.766640 0.002467 -0.003131 -0.007000
18 3.866990 1.107850 2.761110 0.002741 -0.002835 -0.005372
19 3.468390 1.473340 2.684040 0.001978 -0.003384 -0.003107
20 3.303820 1.524910 2.918090 0.002702 -0.004245 -0.002376
21 0.777384 -1.364460 1.681480 0.006958 -0.004098 -0.008582
22 3.939260 1.024980 1.981020 0.005973 0.002657 -0.006792
23 3.823460 1.218100 1.918520 0.006062 0.003370 -0.005976
24 3.008880 1.531190 3.570660 0.007132 -0.005214 -0.003995
25 3.904540 0.972760 3.008160 0.004074 -0.004014 -0.007841
26 3.655140 1.400500 3.234210 0.006035 -0.003947 -0.004822
27 4.106270 0.715196 3.671230 0.011926 -0.001637 -0.007573
28 0.901121 -3.019180 6.278600 0.040727 -0.007759 -0.008421
29 3.537250 -0.110262 4.571330 0.025248 -0.000996 -0.004875
30 3.544170 -0.029666 4.402280 0.027174 0.002236 -0.004258
31 4.160380 -0.291832 4.218530 0.024498 0.000992 -0.006798
32 4.393130 -0.706316 4.580010 0.028567 0.001852 -0.009267
33 1.548780 0.496767 4.349700 0.023682 -0.002750 -0.000656
34 2.847760 -0.190530 4.228580 0.023088 -0.005069 -0.004537
35 1.591620 0.608816 4.098310 0.023705 -0.003687 -0.000470
