0 -0.156331 -0.074315 0.257785 0.003484 0.000800 -0.000000
1 3.580400 2.287690 2.064490 0.003179 0.000874 0.000687
2 3.528680 2.463020 2.053570 0.002513 0.000980 0.000836
3 3.634900 2.205440 2.203470 0.003138 0.000613 -0.000028
4 3.428880 2.443010 2.164440 0.003030 0.000669 0.001006
5 3.623390 2.650320 2.014810 0.001774 0.000933 0.002188
6 3.586830 2.312400 2.061650 0.002516 0.000517 0.000119
7 0.000000 0.000000 0.000000 0.000000 -0.000000 0.000000
8 3.526340 2.197710 1.936220 0.000355 -0.001011 -0.000000
9 3.721540 1.899400 1.815230 -0.000987 0.000000 -0.001664
10 3.557100 2.121930 1.921380 -0.000380 0.000053 -0.000365
11 3.646550 2.176480 1.865030 0.000106 0.000072 -0.000557
12 3.739710 2.009140 1.731590 0.000105 0.000005 -0.000662
13 3.667450 2.181540 1.806370 -0.000883 0.000385 -0.000358
14 0.214351 -0.672595 0.164228 0.002071 0.000715 -0.003609
15 3.791840 2.048070 2.089170 0.002282 0.000512 -0.001702
16 3.953450 2.015260 1.985640 0.000672 0.000161 -0.002443
17 3.896310 1.960210 1.993840 0.001469 0.001033 -0.002704
18 3.772150 2.313210 1.997690 0.001279 0.000503 0.000279
19 3.785700 1.851200 2.055700 0.001850 0.001030 -0.002288
20 -0.179546 0.587310 -0.376909 -0.004333 -0.002072 0.001106
21 3.666390 2.639950 1.515890 -0.004535 -0.001891 0.000035
22 3.752600 2.519680 1.590120 -0.004017 -0.001889 -0.000319
23 3.683210 2.456980 1.501770 -0.003915 -0.001683 0.000749
24 3.694020 2.582660 1.551020 -0.004003 -0.001601 0.000934
25 3.641510 2.628220 1.463030 -0.004203 -0.001125 0.001411
26 -0.619641 0.161950 0.083252 0.000000 -0.003121 0.002678
27 3.261390 2.801690 1.770880 -0.001769 -0.002182 0.003106
28 3.105640 2.698220 1.867760 -0.001518 -0.002582 0.002937
29 3.345380 2.586900 1.911450 -0.001214 -0.002840 0.002769
30 3.091620 2.659790 1.963300 -0.000713 -0.002858 0.002902
31 3.411280 2.506700 1.861800 -0.001842 -0.002834 0.001643
32 3.245160 2.525100 2.065970 0.000327 -0.002829 0.002003
33 3.288870 2.492150 1.939830 -0.000418 -0.002524 0.001956
