0 0.000000 0.000000 0.000000 0.000000 -0.000000 0.000000
1 3.519230 2.112740 1.816510 -0.000694 -0.000353 -0.000568
2 3.565300 2.332590 1.856140 -0.000531 -0.000155 0.000995
3 3.687620 2.139740 2.023480 0.001028 -0.000133 -0.000590
4 3.660370 2.107050 1.802720 -0.000391 0.000157 -0.000462
5 3.646960 2.211870 1.856380 -0.000598 -0.000600 0.000000
6 3.717150 2.086040 1.737910 -0.000615 0.000604 -0.000635
7 0.129027 0.098409 -0.248908 -0.003637 -0.001143 0.000041
8 3.933590 1.795580 1.789820 -0.002855 -0.001605 -0.004990
9 3.962500 2.309250 1.664040 -0.003356 -0.001298 -0.000412
10 3.775750 2.190680 1.711650 -0.003480 -0.001090 -0.000965
11 3.965910 2.068840 1.578640 -0.003161 -0.000730 -0.002039
12 3.773220 1.882600 1.487820 -0.003429 -0.000384 -0.001682
13 3.953440 1.944560 1.650480 -0.003141 -0.000495 -0.002338
14 0.223064 -0.447121 -0.059826 -0.001557 -0.000643 -0.002904
15 3.804060 2.101770 1.915740 -0.001353 -0.000841 -0.002433
16 3.860190 2.398740 1.797680 -0.001806 -0.000740 0.000786
17 3.759780 2.223220 1.896170 -0.001453 -0.000735 -0.000084
18 3.892060 1.753500 1.694320 -0.001858 -0.000205 -0.002009
19 3.795010 2.116470 1.996730 -0.000624 -0.000714 -0.000988
20 3.762600 2.240150 1.933240 -0.001210 -0.000451 0.000957
21 -0.137726 0.783549 -0.721676 -0.008860 -0.003196 0.001364
22 3.708390 2.731720 1.475360 -0.005911 -0.003487 0.000566
23 3.487810 2.530540 1.200640 -0.008332 -0.003075 -0.001073
24 3.533500 2.526920 1.313130 -0.006899 -0.002383 -0.001147
25 3.661100 2.708080 1.018840 -0.008961 -0.002337 0.000024
26 3.742630 2.257260 1.511990 -0.002902 -0.002391 0.001880
27 3.712490 2.533910 1.224210 -0.006944 -0.002108 0.000416
28 -0.544295 0.359843 -0.228114 -0.004191 -0.004294 0.003077
29 3.467610 2.805160 1.643110 -0.004579 -0.003863 0.002686
30 3.135040 2.696510 1.543930 -0.004946 -0.003294 0.002396
31 3.298080 2.413290 1.721290 -0.004265 -0.004246 0.002796
32 3.223550 2.733630 1.790570 -0.003657 -0.003780 0.002480
33 3.240530 3.014610 1.727150 -0.004675 -0.004587 0.004159
34 3.412330 2.614120 1.755840 -0.003637 -0.003925 0.002047
35 3.176570 2.760100 1.629380 -0.004936 -0.003852 0.002062
