0 -0.281453 0.071921 0.039916 0.001952 -0.000645 0.000523
1 3.560440 2.680540 1.788010 0.000535 0.000274 0.001002
2 3.771920 2.828490 1.919680 0.000603 -0.000567 0.001802
3 3.743440 2.565970 1.897330 0.000712 -0.000346 0.000547
4 3.637000 2.756130 1.864390 0.000414 -0.000237 0.002557
5 3.756660 2.411540 1.812510 -0.000129 -0.000127 -0.000318
6 3.675130 2.768390 1.865910 0.000615 -0.000077 0.002339
7 0.000059 -0.000954 -0.001709 0.000000 -0.000000 0.000000
8 3.903230 2.239770 1.864350 -0.000695 -0.000014 -0.001104
9 3.784530 2.158570 2.007280 -0.000242 -0.000626 0.000000
10 3.910560 2.130530 1.870120 -0.000736 -0.000082 0.000171
11 3.873670 2.269240 1.908900 -0.000133 0.000351 0.000000
12 3.914720 2.301130 1.910960 -0.000689 -0.000343 0.000638
13 3.878880 2.264030 1.776770 -0.000672 0.000601 -0.000000
14 -0.176711 0.260452 -0.347768 -0.003670 -0.001277 0.000650
15 3.862270 2.503710 1.646280 -0.004518 -0.001518 -0.000945
16 3.894960 2.667010 1.644720 -0.004477 -0.001291 0.000529
17 3.881080 2.951830 1.745810 -0.004019 -0.001777 0.001831
18 3.865600 2.644230 1.608860 -0.004567 -0.001232 0.000080
19 3.907650 2.587900 1.639670 -0.004360 -0.001284 0.000190
20 0.132923 0.324193 -0.473547 -0.002670 0.000738 -0.000000
21 4.069790 2.694350 1.543820 -0.002730 0.000925 -0.000137
22 4.188280 2.607900 1.440200 -0.003706 0.000924 -0.000558
23 4.155370 2.658490 1.629280 -0.003188 -0.000159 -0.001089
24 4.212990 2.665360 1.433730 -0.003022 0.001429 -0.000170
25 4.133250 2.473830 1.528200 -0.003245 0.000541 -0.000153
26 4.138150 2.454620 1.596610 -0.002915 0.000479 -0.001412
27 0.203689 0.366399 -1.087890 -0.006153 0.002360 0.000000
28 4.129770 2.810220 0.978675 -0.005780 0.002388 0.000891
29 4.157540 2.587530 0.986961 -0.006111 0.002573 -0.000105
30 4.204590 2.695060 1.002480 -0.005890 0.002158 -0.000435
31 4.064630 2.706510 0.995274 -0.005533 0.002394 0.000714
32 4.224850 2.548860 1.031500 -0.006312 0.001574 -0.000800
33 4.261760 2.760820 0.889291 -0.006177 0.002734 -0.000800
