0 0.000000 -0.007509 0.014044 0.000106 -0.000000 0.000000
1 3.837000 2.426260 1.935430 -0.000415 0.000141 0.000594
2 3.915550 2.447530 1.841010 -0.000662 0.000456 0.002146
3 3.969400 2.365620 1.910780 -0.000845 -0.000057 0.001006
4 3.886560 2.161590 1.999060 -0.000279 -0.000421 0.000189
5 3.863850 2.241610 1.853800 -0.000963 0.000049 0.000119
6 3.936170 2.161890 1.890320 -0.000649 0.000091 -0.000571
7 0.228860 -0.007088 -0.067593 -0.002027 0.000703 -0.000000
8 4.294310 2.540250 1.999940 -0.001886 -0.000005 -0.000701
9 4.270130 2.475460 1.959280 -0.002316 0.000237 -0.001483
10 4.284190 2.639040 1.902070 -0.002132 0.000384 0.000801
11 4.291060 2.521240 2.119080 -0.001583 -0.000617 -0.000790
12 4.306970 2.587630 2.035010 -0.002577 -0.000770 -0.000000
13 4.211520 2.588060 1.901160 -0.002652 0.000117 -0.000441
14 0.142821 -0.072419 0.047789 -0.002037 -0.000197 0.000227
15 4.237290 2.405940 2.209080 -0.001631 -0.000903 -0.000102
16 4.210160 2.485160 2.119220 -0.002353 -0.000814 0.000576
17 4.139980 2.308030 2.123610 -0.002183 -0.000867 -0.000635
18 4.168720 2.379570 2.203420 -0.001591 -0.000854 -0.000459
19 4.273630 2.265610 2.205650 -0.001745 -0.000939 -0.001658
20 4.087760 2.269900 2.118690 -0.001850 -0.000592 -0.000775
21 0.221729 0.300253 -0.386438 -0.004356 0.000700 0.000165
22 4.304120 2.782750 1.739680 -0.003775 0.000243 0.000626
23 4.262820 2.622260 1.652330 -0.004465 0.000230 -0.000683
24 4.233500 2.925150 1.573560 -0.004552 0.000370 -0.000427
25 4.137890 2.795910 1.646170 -0.004347 0.000452 -0.000476
26 4.236450 2.588000 1.701570 -0.004189 0.000156 -0.000199
27 4.199220 2.680980 1.743540 -0.004018 -0.000034 -0.000895
28 0.355681 0.396457 -1.087160 -0.008254 0.002503 0.000209
29 4.480120 2.720860 1.189570 -0.006750 0.001746 -0.001924
30 4.351770 2.787190 1.143940 -0.006890 0.002086 -0.000598
31 4.269010 2.298320 1.278040 -0.006612 0.001101 -0.004012
32 3.579680 2.750970 1.560680 -0.006656 -0.001959 0.000217
33 4.278490 2.897120 1.025580 -0.007279 0.002368 0.000982
34 4.428750 2.750290 1.091070 -0.007126 0.001856 0.000616
35 4.414360 2.645880 1.058920 -0.007499 0.002084 -0.000785
