0 -0.190451 -0.359191 -0.701826 -0.000000 -0.001065 0.001576
1 3.633950 1.647230 1.017230 0.000525 0.000067 0.001077
2 3.761000 1.894980 1.250420 0.001177 -0.000761 -0.001382
3 3.794750 2.270340 1.106430 0.000252 -0.001140 0.000072
4 3.416740 1.669690 1.169630 0.001012 -0.000681 0.001128
5 3.866260 1.776000 1.348800 0.001645 -0.000901 -0.001038
6 3.754530 2.185650 1.238820 0.000762 -0.000888 -0.001762
7 0.000000 0.000000 0.000000 0.000000 -0.000000 0.000000
8 3.400440 2.318700 2.038390 0.001014 -0.000222 0.000000
9 3.926030 2.037960 1.898620 0.000538 0.000437 -0.004405
10 3.621680 2.152900 1.950800 0.000462 -0.000061 -0.002451
11 3.518030 2.406340 1.948140 0.000456 -0.000000 -0.001033
12 3.526100 2.353730 1.864770 -0.000396 -0.000000 0.000225
13 3.778400 2.154580 1.926840 0.000260 -0.000127 -0.003928
14 0.237932 -0.045608 0.039106 -0.000000 0.001530 -0.000830
15 2.603250 3.748550 2.085500 0.001094 0.001725 0.006522
16 3.812710 2.897050 2.073000 0.000216 0.000918 -0.000163
17 3.785060 2.495170 1.979850 0.000627 0.001934 -0.002305
18 3.654790 3.420370 2.086380 0.000719 0.001366 0.002195
19 3.418740 3.848850 2.049800 0.000720 0.001729 0.006391
20 2.894770 3.788240 2.061360 0.000410 0.001069 0.005913
21 0.532393 0.224118 -0.279446 -0.002081 0.002824 -0.001648
22 3.042740 3.785240 1.815380 -0.000940 0.002257 0.004418
23 2.738110 3.888250 1.843480 -0.000844 0.002186 0.005030
24 2.923240 3.831750 1.830230 -0.000901 0.002301 0.004698
25 2.813430 3.354060 2.117930 0.000349 0.001057 0.003719
26 3.125340 3.742400 1.758270 -0.001921 0.002285 0.004760
27 2.809450 3.754530 1.866920 -0.000643 0.002556 0.004636
28 0.530850 0.062887 -0.540953 -0.002088 0.003938 -0.001531
29 2.936170 3.708170 1.654880 -0.000854 0.003237 0.004084
30 4.608790 2.144910 1.616680 -0.001170 0.003378 -0.005563
31 2.841860 3.710560 1.678040 -0.000013 0.003514 0.004613
32 2.909080 3.487910 1.777440 -0.000472 0.001912 0.004192
33 2.749500 3.720960 1.799090 -0.000022 0.002821 0.005024
34 4.076400 2.687010 1.508770 -0.001097 0.004157 -0.002527
35 2.558930 3.627460 1.559810 -0.001363 0.003395 0.004943
