0 0.000000 0.000000 0.000000 0.000000 -0.000000 0.000000
1 3.441140 2.532880 2.057040 0.000688 0.000000 0.000000
2 3.481500 2.374280 1.898730 0.000001 0.000180 -0.000355
3 3.436630 2.271670 1.909240 0.000168 0.000000 0.000000
4 3.402110 2.381020 1.928360 0.000050 0.000289 -0.000041
5 3.521580 2.568170 1.933580 -0.000033 -0.000045 0.000759
6 3.759620 2.296910 1.904880 0.000295 0.000628 -0.003026
7 0.212739 0.331940 0.714473 -0.000119 0.000869 -0.001786
8 4.347470 2.208220 0.723643 0.000066 0.000655 -0.009329
9 4.336180 2.143790 0.692336 -0.000003 0.000869 -0.006971
10 4.448950 1.743180 0.789849 -0.000049 0.000362 -0.011708
11 4.318490 2.189450 0.689517 -0.000173 0.000748 -0.007537
12 3.921340 2.291350 0.744411 -0.000091 0.000770 -0.005797
13 4.454860 2.309240 0.371537 -0.005284 0.000694 -0.009410
14 0.433395 0.246703 0.755537 0.000922 0.003023 -0.002439
15 4.447500 2.163600 0.775636 0.001195 0.003084 -0.008361
16 4.621620 2.283330 0.672942 0.000252 0.003039 -0.008075
17 4.571160 2.150070 0.812180 0.000626 0.002237 -0.009207
18 3.941170 2.869820 0.827746 0.001248 0.002779 -0.000408
19 4.627190 2.259850 0.738185 0.000661 0.002841 -0.008189
20 3.839000 2.620340 0.890978 0.001359 0.002407 -0.001290
21 0.816496 0.486969 0.237891 -0.001699 0.005309 -0.003316
22 4.342110 2.620800 0.212472 -0.001558 0.005094 -0.005454
23 4.417820 2.682010 0.301096 -0.000985 0.005452 -0.004158
24 4.326090 2.467190 0.262743 -0.001691 0.005138 -0.005992
25 3.234310 2.599290 0.057930 -0.002243 0.005880 -0.001008
26 4.253940 2.436420 0.348567 -0.001210 0.005323 -0.003656
27 3.463970 2.702660 0.180997 -0.001593 0.005836 -0.001884
28 0.801116 0.284260 0.157653 -0.001179 0.005787 -0.003320
29 4.642220 2.107260 0.189086 -0.001015 0.005657 -0.007650
30 4.459870 2.334630 0.155104 -0.001238 0.005934 -0.004916
31 4.734970 2.280220 0.198276 -0.001351 0.005721 -0.004410
32 4.584270 2.319400 0.240394 -0.001169 0.005214 -0.004877
33 4.238910 2.326870 0.261581 -0.001083 0.005230 -0.003135
34 3.097780 4.214850 0.269071 -0.001270 0.005091 0.005886
35 4.892570 1.991140 0.293605 -0.000716 0.005254 -0.009576
