0 0.031755 -0.792443 0.421836 0.004450 -0.000805 -0.002767
1 2.610090 2.299210 2.371670 0.003408 -0.000632 0.001887
2 3.046590 2.676060 2.258530 0.002946 -0.000436 0.003209
3 3.071540 2.810030 2.341120 0.003231 -0.000724 0.004034
4 2.520770 3.214000 2.450680 0.003038 -0.001579 0.006507
5 3.402470 2.238260 2.368970 0.003060 -0.000879 0.001119
6 0.000000 0.001328 -0.002299 -0.000018 -0.000000 0.000000
7 3.149830 1.943310 1.998260 0.000259 0.000293 -0.000965
8 3.425080 1.840360 2.121390 0.000506 -0.000650 -0.002051
9 3.417870 2.120460 1.965330 0.000065 0.000136 0.000549
10 3.588230 2.057330 1.861860 -0.000282 0.000917 -0.000647
11 3.379940 2.070160 1.934930 -0.000018 0.000000 0.000035
12 3.225980 2.029840 1.972180 0.000048 0.000283 0.000000
13 0.419607 -0.446343 -0.089724 0.002240 0.003039 -0.001526
14 2.959090 3.076430 1.887230 0.001587 0.002989 0.005636
15 2.991730 2.813100 1.875440 0.001790 0.003212 0.004542
16 3.186650 3.059730 1.967740 0.002619 0.003167 0.005963
17 4.080270 1.631670 1.828240 0.001360 0.003469 -0.002085
18 3.415870 2.931020 1.836570 0.001865 0.003390 0.005110
19 3.909260 1.658110 1.940640 0.001747 0.002837 -0.002054
20 0.378961 -0.116411 -0.206649 0.001649 0.001999 -0.001510
21 4.373250 1.578930 1.683420 0.001060 0.002655 -0.008982
22 4.284730 1.813420 1.857840 0.001139 0.002223 -0.005313
23 4.221910 1.658870 1.874920 0.001564 0.002020 -0.007204
24 4.339100 1.945950 1.915600 0.001238 0.002003 -0.007539
25 3.673000 2.396300 1.876350 0.001396 0.001899 -0.000325
26 3.901580 2.451390 1.783140 0.001365 0.001880 -0.001578
27 0.731165 -0.646196 -0.427957 0.003147 0.005056 -0.002380
28 2.854650 3.068930 1.569340 0.001707 0.004039 0.004955
29 3.938220 1.756790 1.621550 0.002594 0.004893 -0.002331
30 3.249570 2.866850 1.632270 0.002532 0.004540 0.004626
31 3.104510 3.018490 1.531720 0.002305 0.005158 0.005873
32 3.311900 2.743230 1.563430 0.001996 0.004450 0.003796
33 4.006970 2.879760 1.504490 0.001763 0.004853 0.004070
34 3.169170 2.970500 1.515710 0.002234 0.005084 0.005250
