0 0.000000 0.008422 -0.014562 -0.000116 -0.000000 0.000000
1 3.466170 1.578300 2.097660 0.000259 -0.000452 -0.003365
2 3.406630 2.027520 1.997700 -0.000373 -0.000512 -0.000000
3 3.313590 2.231630 2.119770 0.001053 -0.000237 0.001201
4 3.195900 2.628730 1.965200 -0.000573 -0.000030 0.002756
5 3.498430 2.614880 1.728600 -0.001014 0.001563 0.002152
6 3.322400 2.025430 2.008170 0.000003 -0.000000 -0.000244
7 -0.034427 0.797855 -0.472153 -0.004630 0.001069 0.002728
8 3.460250 3.150110 1.641270 -0.003504 0.000388 0.002835
9 3.672130 2.906720 1.580970 -0.004135 0.001261 0.001728
10 3.509620 3.014440 1.549430 -0.004269 0.000983 0.003614
11 3.706010 2.863240 1.587540 -0.004238 0.000889 0.001515
12 3.270890 2.987730 1.580310 -0.003579 0.000929 0.002713
13 3.845290 2.414090 1.609230 -0.004249 0.000944 -0.003851
14 0.163272 0.612192 -0.611745 -0.004346 0.002421 0.001996
15 2.626920 4.215110 1.288500 -0.004410 0.003352 0.010094
16 4.017030 2.518990 1.481480 -0.003699 0.002400 0.000730
17 2.509250 3.962720 1.410600 -0.004238 0.002467 0.008767
18 3.761850 2.426660 1.466980 -0.003563 0.002679 0.000360
19 3.836740 2.312840 1.335460 -0.003945 0.002979 -0.002067
20 3.726810 3.034280 1.564330 -0.003710 0.002098 0.004119
21 0.238566 0.605209 -0.447366 -0.002172 0.002544 0.001645
22 4.066290 2.828840 1.489250 -0.002259 0.003315 -0.002579
23 3.965990 2.289160 1.583460 -0.002451 0.002276 -0.003141
24 4.159270 2.318560 1.641730 -0.001699 0.002784 -0.003329
25 4.082710 2.759390 1.675350 -0.002016 0.002669 -0.000590
26 3.953620 2.805360 1.526270 -0.002144 0.003454 0.001022
27 4.049920 2.640550 1.550470 -0.002381 0.002908 -0.000267
28 0.550576 0.288562 -0.870559 -0.002215 0.005018 0.000873
29 4.409050 2.164260 1.192520 -0.002112 0.004750 -0.005301
30 2.987050 3.453660 1.200980 -0.002342 0.004382 0.006360
31 3.972280 2.634450 1.263860 -0.002228 0.004175 0.002614
32 4.022710 2.385200 1.207460 -0.001442 0.004709 0.000238
33 3.144650 3.447310 1.119330 -0.002211 0.004983 0.006156
34 3.866100 3.648630 1.280580 -0.001457 0.004862 0.007984
35 3.808010 2.825090 1.286640 -0.001400 0.004614 0.003163
