0 0.208721 0.104685 -0.151777 0.001600 0.000762 0.000623
1 3.838630 2.003300 1.731800 0.001539 0.001193 -0.003199
2 4.026220 1.954020 1.652880 0.001087 0.001655 -0.003422
3 3.956820 1.933340 1.771600 0.001422 0.000983 -0.003417
4 4.113740 1.922640 1.591510 0.000124 0.000811 -0.003765
5 3.919120 2.175490 1.632570 -0.000347 0.000552 -0.002222
6 3.987800 2.033790 1.606080 -0.000241 0.000367 -0.001785
7 0.000000 0.000000 0.000000 0.000000 -0.000000 0.000000
8 3.429690 2.007890 1.801250 0.000016 0.000243 -0.000898
9 3.421890 1.969350 1.909410 -0.000426 -0.000340 -0.000523
10 3.519330 1.803460 1.897280 -0.000589 -0.000934 -0.002384
11 3.462240 1.921450 1.783020 -0.000133 0.000419 -0.001448
12 3.377910 2.101790 1.669340 -0.000043 0.000144 0.000000
13 3.366010 2.118480 1.746810 0.000078 0.001036 -0.000275
14 0.531205 -0.137517 -0.481352 0.002034 0.003571 -0.001224
15 4.225420 1.718220 1.604480 0.001489 0.001787 -0.003676
16 3.979440 2.260290 1.435310 0.000889 0.002899 0.000880
17 4.249300 1.831860 1.240250 0.000906 0.004390 -0.001848
18 4.202800 1.958520 1.390650 0.000859 0.003076 -0.002003
19 4.062080 1.955910 1.132950 0.000407 0.003533 -0.001270
20 4.230750 2.056680 1.508380 0.001264 0.002548 -0.000527
21 0.506088 -0.174177 -0.171815 0.004852 0.003070 -0.000000
22 4.356900 1.570840 1.510740 0.002634 0.003228 -0.004923
23 4.091270 1.819520 1.916810 0.004994 0.002318 -0.001278
24 4.125690 1.749360 1.639550 0.003584 0.003021 -0.001644
25 4.210260 1.852240 1.640710 0.003355 0.002733 -0.001524
26 4.351890 1.814540 1.787550 0.004525 0.002771 -0.001576
27 0.520162 -0.138275 -0.227328 0.006455 0.004109 0.001397
28 4.569970 1.673280 1.536090 0.004053 0.004176 -0.004704
29 4.432470 1.529250 1.038320 0.000561 0.004760 -0.006363
30 4.475160 1.753150 0.924138 -0.000700 0.004006 -0.003868
31 4.380760 1.718930 1.415990 0.003237 0.004004 -0.003889
32 3.830720 1.602070 0.669767 -0.002221 0.003589 -0.006161
33 4.327110 1.975790 0.868481 -0.001142 0.003899 -0.004250
