0 0.000000 -0.009589 0.017374 0.000135 -0.000000 0.000000
1 3.423470 1.989690 1.945570 0.002272 -0.000126 -0.000239
2 3.535010 1.863750 1.704160 0.000020 0.001334 -0.002220
3 3.478550 1.882480 2.151350 0.001983 -0.000873 -0.000911
4 3.530380 2.019580 1.967080 -0.000613 -0.001172 -0.001159
5 3.534840 2.101600 2.059360 0.001129 -0.000116 -0.000664
6 3.476160 1.979320 1.818170 -0.000309 -0.000187 -0.000729
7 -0.197898 -0.185420 0.268391 -0.001080 -0.001164 -0.000795
8 3.377010 2.185260 2.059940 -0.001233 -0.001767 -0.000538
9 3.359630 2.081330 2.027290 -0.001219 -0.002117 -0.001061
10 3.305420 2.071090 2.054380 -0.002188 -0.001542 -0.000448
11 3.279080 2.129170 2.068300 -0.001495 -0.002257 -0.000989
12 2.968020 2.260380 2.070680 -0.000032 -0.001308 0.000426
13 3.263270 2.184040 1.910380 -0.001209 -0.001546 -0.000329
14 0.503150 -0.551629 -0.140481 0.003659 0.004622 -0.002064
15 4.079340 1.558840 1.805080 0.004044 0.002478 -0.002405
16 3.940420 1.871060 1.533540 0.003090 0.004054 -0.000345
17 3.976410 2.040050 1.583280 0.002637 0.004137 0.000320
18 4.058620 1.515980 1.706640 0.003145 0.003817 -0.002266
19 3.878160 1.828350 1.728390 0.002192 0.002560 -0.000561
20 3.996820 1.521720 2.075110 0.004999 0.002720 -0.002363
21 0.368019 -0.240378 -0.028479 0.003974 0.002214 -0.000552
22 3.883830 1.898010 1.847640 0.002859 0.001885 -0.000958
23 3.905570 2.068790 1.956180 0.003435 0.001179 0.000154
24 3.928110 1.943220 1.962630 0.003776 0.001403 -0.000504
25 3.782770 2.303200 1.756210 0.002126 0.001360 0.000946
26 4.007550 2.090950 1.858590 0.002965 0.001525 0.000365
27 3.839690 2.118240 1.792760 0.002790 0.001930 0.000366
28 0.340246 -0.211731 -0.088831 0.005540 0.003588 0.000970
29 3.893150 1.897880 1.719580 0.002956 0.002637 -0.000765
30 4.008190 1.855850 1.837220 0.003969 0.002772 -0.001330
31 3.949350 1.982950 1.853220 0.003993 0.002566 -0.001648
32 3.977480 1.840320 1.850270 0.003938 0.002573 -0.001766
33 4.257190 1.788520 1.818830 0.003665 0.002459 -0.002962
34 4.270220 1.706660 1.661810 0.001501 0.001678 -0.004876
35 4.059420 1.715500 1.639450 0.002408 0.002907 -0.004019
