0 0.248349 -0.527963 0.185147 0.004075 0.000000 -0.001989
1 3.947990 1.739830 1.927400 0.002720 -0.000355 -0.004097
2 3.774610 1.536430 1.885080 0.003836 0.000004 -0.005232
3 3.065300 1.811310 1.995330 0.003192 -0.000509 -0.001260
4 3.619000 1.749920 1.785550 0.004046 0.001807 -0.002560
5 3.217130 2.003200 2.045540 0.003534 -0.000298 -0.000507
6 3.471320 1.912950 1.713620 0.003004 0.000679 -0.001787
7 0.000000 0.000000 0.000000 0.000000 -0.000000 0.000000
8 2.835930 1.969030 1.790740 0.000133 -0.000420 -0.000679
9 2.836380 2.041890 2.066400 0.002093 -0.000665 0.000171
10 2.849510 2.013740 1.595910 0.000512 0.000523 0.000149
11 2.597990 2.020800 1.405970 0.001471 0.000536 0.000056
12 2.918740 1.961750 1.793020 0.000998 0.000358 -0.000349
13 2.816580 1.964400 1.707660 0.000901 0.000482 -0.000792
14 0.074826 -0.008176 0.131075 0.000000 -0.000000 -0.000706
15 2.855330 2.418250 1.813390 0.000035 -0.000442 -0.000471
16 3.556000 2.144630 1.712770 -0.000011 -0.000712 -0.001965
17 3.646620 2.340550 1.532580 -0.001168 0.001355 -0.000642
18 3.601590 2.337750 1.856820 -0.000409 -0.000239 -0.001026
19 3.563300 2.171970 1.961140 0.000021 -0.000710 -0.001760
20 3.208470 2.705990 1.896840 -0.001399 -0.001350 0.001355
21 -0.214329 1.226120 -0.495614 -0.012368 -0.002252 0.001535
22 3.028940 2.970930 0.542973 -0.006650 -0.002334 0.000522
23 3.193100 2.640190 1.462070 -0.002509 -0.003176 -0.000956
24 3.321360 2.899690 0.964216 -0.004853 -0.002988 0.000143
25 3.196140 2.951710 1.103570 -0.004322 -0.002808 0.000649
26 3.488800 2.622200 1.308490 -0.003196 -0.002623 -0.001086
27 3.210650 2.969580 0.964400 -0.004328 -0.001625 0.000540
28 -0.270272 1.505090 -0.682389 -0.015075 -0.002571 0.001917
29 2.574360 3.087620 0.361774 -0.009536 -0.003010 0.000080
30 3.376600 2.877620 0.738950 -0.007329 -0.002415 -0.000857
31 2.766670 3.390730 0.832324 -0.007768 -0.003383 0.001949
32 3.488370 3.063100 0.798795 -0.007891 -0.003345 0.000095
33 3.219020 3.204750 0.359182 -0.009048 -0.002275 0.000717
34 3.223080 3.136180 0.951637 -0.007749 -0.004014 0.000062
35 3.080650 3.281350 0.809435 -0.007620 -0.003089 0.001206
