0 0.000000 0.000000 0.000000 0.000000 -0.000000 0.000000
1 2.526230 1.952100 1.660100 0.000626 0.000761 -0.000054
2 2.828350 2.040870 1.873820 0.001337 -0.000387 -0.000178
3 2.699140 2.059110 1.879580 0.000686 -0.000859 0.000002
4 2.682900 1.841840 1.776800 0.000404 -0.000395 -0.001232
5 2.732130 2.079750 1.821370 0.000764 -0.000065 0.000265
6 2.658780 2.103480 1.706500 -0.000139 -0.000593 0.000502
7 -0.099244 0.397464 -0.246744 -0.004400 0.000000 0.000796
8 3.459180 2.309890 1.536650 -0.003956 -0.000334 -0.001789
9 3.388930 2.266150 1.623830 0.000941 -0.002076 0.000147
10 3.452140 2.271940 1.080680 -0.004293 0.000143 -0.002727
11 3.298300 2.355750 0.462794 -0.001437 0.001665 0.000596
12 3.448180 2.338120 1.360790 -0.004416 0.000404 -0.000031
13 3.467470 2.268110 1.264700 -0.004084 0.000594 -0.000224
14 -0.119437 0.421739 -0.044778 -0.004120 -0.000599 0.000713
15 2.700340 2.362830 1.081210 -0.000200 -0.001480 0.000325
16 3.215460 2.521720 1.510430 -0.003433 -0.000930 0.000032
17 2.606710 3.084290 1.411760 -0.006619 -0.001382 0.001642
18 3.264660 2.799260 1.503920 -0.005494 -0.001355 0.000236
19 3.318140 2.711660 1.784990 -0.004176 -0.002049 0.000724
20 2.998400 3.047870 1.340800 -0.007031 -0.000906 0.000995
21 -0.298511 1.607000 -0.718657 -0.017307 -0.002590 0.002224
22 2.445470 3.468330 -0.479131 -0.015205 -0.002789 0.001629
23 3.369660 3.760140 -0.782087 -0.016744 -0.001831 -0.000864
24 3.438210 3.474030 -0.620015 -0.015451 -0.002175 -0.000018
25 3.314470 3.463600 -0.580723 -0.015741 -0.002360 -0.001743
26 3.337190 3.318600 -0.350900 -0.013506 -0.002347 0.000697
27 3.265940 3.748550 -0.590636 -0.015945 -0.002551 0.001270
28 -0.343945 1.817720 -0.819246 -0.018947 -0.002858 0.002406
29 2.426540 3.778050 -0.601209 -0.017092 -0.003179 0.002357
30 2.607460 3.552300 -0.707092 -0.016705 -0.001990 0.000476
31 2.500150 4.110100 -0.668630 -0.017795 -0.003356 0.003462
32 2.453870 3.775470 -0.609027 -0.016744 -0.002675 0.002245
33 3.386960 3.419820 -0.625778 -0.017249 -0.003147 -0.000673
34 3.279900 3.896830 -0.655503 -0.017752 -0.003305 0.002333
35 2.596180 3.730720 -0.649108 -0.017076 -0.002947 0.001648
