0 0.369580 -0.526464 0.458806 0.003168 0.000561 -0.003285
1 3.726120 1.612470 2.574400 0.003340 -0.001388 -0.002664
2 3.661250 1.808190 2.680440 0.004522 -0.001032 -0.001592
3 3.291150 2.116900 2.722820 0.004145 -0.002091 0.000619
4 3.584020 2.142210 2.634900 0.004272 -0.000931 0.000136
5 3.668960 2.208140 2.484130 0.003035 -0.000730 0.000931
6 3.645350 1.868650 2.468230 0.002636 -0.001231 -0.001326
7 0.000000 0.000000 0.000000 0.000000 -0.000000 0.000000
8 3.305250 1.966660 2.082840 0.001268 -0.000482 0.000208
9 3.361850 1.880450 2.000060 0.000299 -0.000845 -0.000844
10 3.442400 2.031340 1.873450 -0.000134 0.000041 0.000328
11 3.215300 2.095570 2.089470 0.002767 0.000005 0.000967
12 3.056740 2.027810 2.178920 0.000738 -0.002102 0.000748
13 3.353600 1.922300 1.885490 0.001758 0.000364 -0.000416
14 0.162809 -0.825393 -0.355592 0.006202 0.004049 -0.002270
15 3.279850 1.997900 1.530580 0.002399 0.002373 0.001142
16 3.269870 1.551350 1.244180 0.002869 0.003364 -0.002344
17 3.240790 1.725400 1.506260 0.004247 0.003265 -0.000761
18 3.482160 1.340320 1.420640 0.005423 0.003654 -0.003517
19 3.768320 1.439570 1.405420 0.005023 0.003755 -0.002932
20 3.662640 1.382390 1.437280 0.005371 0.003616 -0.002653
21 0.147693 -0.577530 0.775080 0.003251 0.001556 -0.006160
22 2.708030 1.991290 2.959760 0.003181 -0.002078 -0.003953
23 4.020780 1.191850 0.860999 0.003254 0.000947 -0.009451
24 3.299920 1.515230 1.605320 0.006595 0.001606 -0.005999
25 3.101590 1.602550 1.771850 0.006936 0.001266 -0.005019
26 -0.427855 -1.518310 0.272206 0.006613 -0.004195 -0.005820
27 1.513040 0.943455 2.056160 0.005964 -0.004667 -0.005581
28 1.654390 0.726216 2.098130 0.005752 -0.004465 -0.006388
29 2.692330 1.152850 2.162590 0.006152 -0.004749 -0.004302
30 1.703830 1.033730 2.181350 0.005665 -0.005214 -0.005647
31 2.377670 1.553550 3.281960 -0.000025 -0.003841 -0.003092
