0 0.000000 0.000000 0.000000 0.000000 -0.000000 0.000000
1 3.346830 2.021050 2.083840 0.000555 -0.000887 0.000661
2 3.247180 1.954360 2.037420 0.000968 -0.000382 -0.000199
3 3.296180 2.154790 2.100510 0.000901 -0.001159 0.001440
4 3.359930 2.082960 1.958980 0.000895 0.000000 0.000833
5 3.354410 2.046870 1.899220 0.000181 -0.000135 0.000805
6 3.330670 1.972680 1.964120 0.000771 -0.000209 0.000199
7 -0.219107 0.401237 -0.464967 -0.002906 -0.000281 0.002528
8 3.453380 2.390090 1.137800 -0.003106 0.001722 0.000718
9 3.468390 2.164460 1.305830 -0.002655 0.000976 -0.001971
10 3.237100 2.476010 1.369710 -0.002752 0.000552 0.001547
11 3.355910 2.185500 1.467500 -0.001086 0.001190 0.000077
12 3.150420 2.069140 1.491110 -0.000173 0.001318 -0.000922
13 3.213720 2.178510 1.726350 -0.000397 -0.000683 -0.000510
14 -0.124632 -0.454079 -0.703300 0.003069 0.002859 0.000000
15 3.302070 1.896060 1.027830 0.002784 0.002868 0.000476
16 3.076840 1.812220 1.006120 0.003294 0.003069 0.000758
17 3.680910 1.354150 0.970683 0.002821 0.002451 -0.003217
18 3.474810 1.664570 1.042940 0.002281 0.002742 -0.001291
19 3.273620 1.715090 1.093830 0.002284 0.002876 -0.000344
20 2.847740 1.892130 1.094150 0.002510 0.002713 0.000705
21 -0.203448 -0.102550 0.398190 0.000000 0.000528 -0.003343
22 2.422380 2.836630 2.563860 0.000658 -0.001007 -0.000336
23 3.832090 1.304680 0.422779 0.000381 0.001247 -0.011986
24 2.702000 1.724380 1.725370 0.003320 0.000702 -0.005985
25 2.588330 2.222930 1.530140 0.002948 0.000409 -0.001831
26 3.253470 1.603790 0.658970 0.001183 -0.000001 -0.006406
27 2.670170 2.196630 0.608796 0.000948 -0.000173 -0.002549
28 -0.848041 -0.988839 -0.096279 0.003379 -0.005200 -0.002399
29 1.130440 1.406280 1.808070 0.003456 -0.005871 -0.002493
30 1.227540 0.840326 1.891390 0.003165 -0.006140 -0.002680
31 1.160100 1.832590 1.744920 0.002946 -0.005095 0.000787
32 1.060820 1.498190 1.783460 0.002872 -0.005359 -0.002119
33 1.317300 0.977321 1.899650 0.003187 -0.005706 -0.002936
34 1.218620 0.752249 1.815700 0.003178 -0.005014 -0.003521
35 1.573380 1.561770 1.543530 0.000159 0.005167 -0.001457
