0 -0.068674 0.096202 -0.161504 0.000000 -0.000000 0.000000
1 3.434620 2.337540 1.878100 -0.000365 -0.000591 0.000052
2 3.469570 2.317090 1.886180 -0.000202 -0.000646 -0.000051
3 3.354450 2.160210 1.804760 -0.000371 -0.000144 -0.001125
4 3.435010 2.308150 1.746700 -0.000826 -0.000108 0.000212
5 3.416980 2.620120 1.910340 -0.000298 -0.000739 0.000712
6 3.382830 2.345060 1.816660 -0.000807 -0.000819 0.000254
7 0.000000 0.000000 0.000000 0.000000 -0.000000 0.000000
8 3.323790 2.081650 2.012030 0.000258 -0.000474 -0.000000
9 3.402690 2.162680 1.791790 0.000124 0.000687 0.000431
10 3.439950 2.034240 1.774070 -0.000379 0.000070 -0.000294
11 3.361020 2.147410 1.768260 -0.000032 0.000555 0.000000
12 3.430900 2.085960 1.670430 0.000414 0.000897 -0.000000
13 3.326450 1.986430 1.982110 0.000243 -0.000316 -0.000817
14 0.083883 -0.165895 -0.027509 -0.000000 0.000830 -0.000543
15 3.439290 2.084310 1.891510 0.000060 0.000135 -0.000647
16 3.548220 2.172560 1.758820 -0.000239 0.000316 0.000143
17 3.454530 2.124920 1.968410 -0.000036 -0.000009 -0.000361
18 3.525300 2.221350 1.966130 0.000404 0.000317 -0.000244
19 3.522500 2.075310 1.913900 0.000017 0.000206 -0.000305
20 3.615180 1.945730 2.019260 -0.000144 -0.000726 -0.001315
21 0.363378 -0.428067 0.117557 0.001359 0.000870 -0.002459
22 3.591740 1.887660 2.047700 0.001222 0.000316 -0.001979
23 3.797070 1.947930 2.358730 0.002544 -0.000532 -0.001485
24 3.848130 1.951530 1.950390 0.000857 0.000989 -0.002811
25 3.650510 2.060230 2.146700 0.001146 -0.000077 -0.001718
26 3.672580 2.063710 2.178720 0.002130 0.000244 -0.001235
27 3.802040 1.771170 2.271230 0.002122 -0.000098 -0.003066
28 0.221777 -0.089243 -0.337952 -0.000952 0.001196 -0.001384
29 3.756170 2.417240 1.591530 -0.001341 0.001111 -0.000372
30 3.486940 2.317130 1.393310 -0.000978 0.002302 -0.001389
31 3.708030 1.970830 1.751000 0.000245 0.001012 -0.002100
32 3.682610 2.180470 1.561860 -0.001325 0.000724 -0.001127
33 3.680240 2.217380 1.733740 -0.000755 0.000079 -0.001124
34 3.597770 2.249050 1.585540 -0.001147 0.001174 -0.000767
35 3.486070 2.247420 1.681460 -0.000239 0.000620 -0.001073
