0 0.000000 0.000000 0.000000 0.000000 -0.000000 0.000000
1 3.335060 2.174520 1.788460 -0.000702 0.000154 0.000000
2 3.317900 2.088440 1.934200 -0.000080 -0.000206 -0.000137
3 3.363890 2.103670 1.853460 -0.000244 0.000107 0.000117
4 3.389960 2.058610 2.025020 -0.000152 -0.001154 -0.000000
5 3.340780 2.101280 2.003420 -0.000304 -0.000970 0.000264
6 3.389360 2.069160 1.777900 -0.000855 0.000000 0.000000
7 0.160144 -0.127413 0.105562 -0.000321 0.000105 -0.000268
8 3.702730 2.025020 1.827620 0.000084 0.000282 -0.000888
9 3.532480 2.038110 1.751640 -0.000441 -0.000178 0.000376
10 3.659740 2.138040 1.796940 -0.001208 -0.000002 -0.000038
11 3.708510 1.866560 1.929790 -0.000054 0.000540 -0.001644
12 3.702810 1.942300 1.607570 -0.000426 0.000525 -0.000581
13 3.708360 2.267350 1.860010 -0.000193 0.001132 0.000660
14 0.176068 -0.219394 0.075146 -0.000532 0.000182 -0.001008
15 3.575270 1.987990 1.920190 -0.000785 -0.000672 -0.000875
16 3.668410 2.066690 1.969420 -0.000066 -0.000447 -0.000918
17 3.516050 2.167210 1.897540 -0.000372 -0.000463 0.000205
18 3.622520 2.165560 1.961820 -0.000711 -0.000283 -0.000699
19 3.660760 1.994300 2.133280 -0.000051 -0.000987 -0.000907
20 3.637580 2.066130 1.917960 -0.000065 -0.000101 0.000633
21 0.284120 -0.308654 0.065125 -0.000355 0.000391 -0.001721
22 3.658390 2.030980 2.109570 0.000218 -0.000285 -0.000654
23 3.732430 1.901020 2.149250 0.000126 -0.000642 -0.001721
24 3.633880 1.960210 1.945850 -0.001287 -0.000219 -0.001800
25 3.625320 2.072260 1.954470 -0.000203 -0.000275 -0.001459
26 3.597650 1.901300 2.127240 0.000425 -0.000702 -0.001359
27 3.695820 1.940910 2.067260 0.000186 -0.000051 -0.001501
28 0.266374 -0.331413 0.074248 -0.000131 0.000427 -0.001620
29 3.764840 1.871650 2.041810 -0.000035 0.000069 -0.001263
30 3.662220 2.032930 1.777320 0.000153 0.001566 -0.001729
31 3.626190 1.936920 1.689150 -0.000706 0.000733 -0.000824
32 3.536480 1.898980 2.157010 0.001085 -0.000630 -0.000027
33 3.556610 1.827520 1.756460 0.000216 0.000574 -0.000298
34 3.785140 1.927800 2.044440 -0.000299 -0.000416 -0.001484
35 3.611000 2.019210 1.620350 -0.000008 0.000953 -0.000029
